4091.159115	5.8012e-14
4093.355335	6.43153E-14
4095.551556	6.43176E-14
4097.747776	5.64022E-14
4099.943996	5.2716e-14
4102.140217	4.96591E-14
4104.336437	6.11872E-14
4106.532657	5.81099E-14
4108.728878	4.8739e-14
4110.925098	4.59997E-14
4113.121318	5.14251E-14
4115.317539	7.10751E-14
4117.513759	6.88847E-14
4119.709979	4.33393E-14
4121.906199	5.26657E-14
4124.10242	6.30437E-14
4126.29864	5.16236E-14
4128.49486	6.17352E-14
4130.691081	6.42435E-14
4132.887301	5.5762e-14
4135.083521	5.69608E-14
4137.279742	7.03575E-14
4139.475962	6.21055E-14
4141.672182	6.2719e-14
4143.868402	5.13608E-14
4146.064623	5.71635E-14
4148.260843	5.87177E-14
4150.457063	6.46564E-14
4152.653284	6.04993E-14
4154.849504	5.2803e-14
4157.045724	5.75535E-14
4159.241945	5.8408e-14
4161.438165	5.12213E-14
4163.634385	3.88278E-14
4165.830606	6.01688E-14
4168.026826	7.42934E-14
4170.223046	7.02639E-14
4172.419266	6.57108E-14
4174.615487	6.86075E-14
4176.811707	5.75238E-14
4179.007927	5.4213e-14
4181.204148	6.28374E-14
4183.400368	6.09277E-14
4185.596588	6.94928E-14
4187.792809	6.39686E-14
4189.989029	6.54331E-14
4192.185249	5.25977E-14
4194.381469	5.95053E-14
4196.57769	6.58895E-14
4198.77391	5.89402E-14
4200.97013	6.06731E-14
4203.166351	6.43471E-14
4205.362571	5.8857e-14
4207.558791	6.0787e-14
4209.755012	7.32661E-14
4211.951232	6.96364E-14
4214.147452	5.984e-14
4216.343673	6.10213E-14
4218.539893	6.33753E-14
4220.736113	6.59591E-14
4222.932333	5.77819E-14
4225.128554	7.46418E-14
4227.324774	6.29784E-14
4229.520994	5.61992E-14
4231.717215	5.85099E-14
4233.913435	6.05159E-14
4236.109655	6.09526E-14
4238.305876	6.05901E-14
4240.502096	6.83031E-14
4242.698316	6.98755E-14
4244.894537	6.01037E-14
4247.090757	5.82031E-14
4249.286977	5.75142E-14
4251.483197	6.96201E-14
4253.679418	6.98454E-14
4255.875638	7.00208E-14
4258.071858	5.88425E-14
4260.268079	6.59094E-14
4262.464299	7.42444E-14
4264.660519	6.73507E-14
4266.85674	6.72486E-14
4269.05296	7.24416E-14
4271.24918	7.73128E-14
4273.4454	6.39003E-14
4275.641621	7.43431E-14
4277.837841	6.96302E-14
4280.034061	5.90719E-14
4282.230282	7.14262E-14
4284.426502	6.67795E-14
4286.622722	4.96553E-14
4288.818943	5.50944E-14
4291.015163	6.81161E-14
4293.211383	7.35089E-14
4295.407604	7.04705E-14
4297.603824	6.6128e-14
4299.800044	6.78703E-14
4301.996264	6.65903E-14
4304.192485	6.47162E-14
4306.388705	7.61046E-14
4308.584925	7.82318E-14
4310.781146	6.29269E-14
4312.977366	5.85745E-14
4315.173586	6.16276E-14
4317.369807	5.73975E-14
4319.566027	5.36884E-14
4321.762247	6.30714E-14
4323.958467	6.48769E-14
4326.154688	6.56731E-14
4328.350908	6.61806E-14
4330.547128	6.39787E-14
4332.743349	7.04867E-14
4334.939569	6.69652E-14
4337.135789	6.54998E-14
4339.33201	6.09433E-14
4341.52823	6.76973E-14
4343.72445	5.29504E-14
4345.920671	5.37827E-14
4348.116891	5.44079E-14
4350.313111	4.94276E-14
4352.509331	5.24687E-14
4354.705552	5.86862E-14
4356.901772	6.07046E-14
4359.097992	5.99044E-14
4361.294213	4.99957E-14
4363.490433	4.86274E-14
4365.686653	5.38298E-14
4367.882874	6.361e-14
4370.079094	6.66905E-14
4372.275314	5.97939E-14
4374.471534	5.49565E-14
4376.667755	5.47609E-14
4378.863975	5.709e-14
4381.060195	5.7453e-14
4383.256416	5.80175E-14
4385.452636	5.72603E-14
4387.648856	5.9624e-14
4389.845077	5.62466E-14
4392.041297	4.98093E-14
4394.237517	5.21268E-14
4396.433738	5.08073E-14
4398.629958	5.3953e-14
4400.826178	5.49327E-14
4403.022398	5.37221E-14
4405.218619	5.16671E-14
4407.414839	5.57683E-14
4409.611059	6.34105E-14
4411.80728	6.61256E-14
4414.0035	6.34684E-14
4416.19972	5.96215E-14
4418.395941	5.75268E-14
4420.592161	5.82494E-14
4422.788381	6.11851E-14
4424.984602	6.04988E-14
4427.180822	5.76951E-14
4429.377042	6.13078E-14
4431.573262	5.47207E-14
4433.769483	5.44841E-14
4435.965703	5.92128E-14
4438.161923	6.77998E-14
4440.358144	5.49287E-14
4442.554364	5.58129E-14
4444.750584	6.42568E-14
4446.946805	6.24862E-14
4449.143025	6.19868E-14
4451.339245	7.2043e-14
4453.535465	7.05109E-14
4455.731686	6.5972e-14
4457.927906	6.91843E-14
4460.124126	7.56794E-14
4462.320347	7.71653E-14
4464.516567	7.11687E-14
4466.712787	6.65615E-14
4468.909008	6.98919E-14
4471.105228	6.90013E-14
4473.301448	7.01429E-14
4475.497669	8.6735e-14
4477.693889	8.02722E-14
4479.890109	8.71009E-14
4482.086329	8.05463E-14
4484.28255	8.01108E-14
4486.47877	9.04966E-14
4488.67499	9.13274E-14
4490.871211	8.67495E-14
4493.067431	8.67683E-14
4495.263651	8.94631E-14
4497.459872	9.32899E-14
4499.656092	9.23283E-14
4501.852312	8.6887e-14
4504.048532	8.86874E-14
4506.244753	9.36475E-14
4508.440973	8.58101E-14
4510.637193	1.01586E-13
4512.833414	9.6939e-14
4515.029634	9.81784E-14
4517.225854	9.90932E-14
4519.422075	9.60569E-14
4521.618295	1.02832E-13
4523.814515	1.05564E-13
4526.010736	1.04382E-13
4528.206956	1.04369E-13
4530.403176	1.05592E-13
4532.599396	9.87857E-14
4534.795617	9.75569E-14
4536.991837	1.10583E-13
4539.188057	1.15754E-13
4541.384278	1.10963E-13
4543.580498	1.06616E-13
4545.776718	1.12354E-13
4547.972939	1.0537e-13
4550.169159	1.21647E-13
4552.365379	1.07978E-13
4554.561599	1.07802E-13
4556.75782	1.10576E-13
4558.95404	1.13545E-13
4561.15026	1.07476E-13
4563.346481	1.03241E-13
4565.542701	1.04389E-13
4567.738921	1.06508E-13
4569.935142	1.08565E-13
4572.131362	1.07861E-13
4574.327582	1.07986E-13
4576.523803	1.13474E-13
4578.720023	1.14918E-13
4580.916243	1.14196E-13
4583.112463	1.1393e-13
4585.308684	1.1007e-13
4587.504904	1.07948E-13
4589.701124	1.11178E-13
4591.897345	1.11383E-13
4594.093565	1.11008E-13
4596.289785	1.13334E-13
4598.486006	1.15162E-13
4600.682226	1.17945E-13
4602.878446	1.2628e-13
4605.074666	1.13043E-13
4607.270887	1.17172E-13
4609.467107	1.1661e-13
4611.663327	1.08703E-13
4613.859548	1.03322E-13
4616.055768	1.1088e-13
4618.251988	1.17834E-13
4620.448209	1.13216E-13
4622.644429	1.12759E-13
4624.840649	1.17303E-13
4627.03687	1.16466E-13
4629.23309	1.13107E-13
4631.42931	1.11941E-13
4633.62553	1.19892E-13
4635.821751	1.11271E-13
4638.017971	1.03554E-13
4640.214191	1.17165E-13
4642.410412	1.17706E-13
4644.606632	1.19589E-13
4646.802852	1.14882E-13
4648.999073	1.08457E-13
4651.195293	1.05358E-13
4653.391513	1.11136E-13
4655.587734	1.18309E-13
4657.783954	1.05308E-13
4659.980174	1.06598E-13
4662.176394	1.06717E-13
4664.372615	1.05766E-13
4666.568835	1.03773E-13
4668.765055	1.06773E-13
4670.961276	1.1267e-13
4673.157496	1.12195E-13
4675.353716	1.05256E-13
4677.549937	1.0091e-13
4679.746157	1.04253E-13
4681.942377	1.0864e-13
4684.138597	1.04562E-13
4686.334818	1.07688E-13
4688.531038	9.57491E-14
4690.727258	1.08287E-13
4692.923479	1.07508E-13
4695.119699	9.92076E-14
4697.315919	9.36581E-14
4699.51214	9.69119E-14
4701.70836	9.99299E-14
4703.90458	9.88104E-14
4706.100801	9.5049e-14
4708.297021	9.17123E-14
4710.493241	9.90593E-14
4712.689461	9.95454E-14
4714.885682	1.01039E-13
4717.081902	9.78697E-14
4719.278122	9.59274E-14
4721.474343	9.52485E-14
4723.670563	8.94292E-14
4725.866783	8.6965e-14
4728.063004	8.47459E-14
4730.259224	8.20101E-14
4732.455444	8.38816E-14
4734.651664	7.63537E-14
4736.847885	7.67356E-14
4739.044105	7.5414e-14
4741.240325	7.82681E-14
4743.436546	7.73326E-14
4745.632766	7.36261E-14
4747.828986	7.43002E-14
4750.025207	7.37284E-14
4752.221427	7.25887E-14
4754.417647	7.17154E-14
4756.613868	6.7186e-14
4758.810088	6.77704E-14
4761.006308	6.6179e-14
4763.202528	6.52488E-14
4765.398749	6.86619E-14
4767.594969	7.23973E-14
4769.791189	6.37686E-14
4771.98741	6.6229e-14
4774.18363	7.07951E-14
4776.37985	6.91061E-14
4778.576071	6.79828E-14
4780.772291	7.077e-14
4782.968511	6.82237E-14
4785.164731	6.84873E-14
4787.360952	6.97932E-14
4789.557172	7.16567E-14
4791.753392	6.64774E-14
4793.949613	6.60915E-14
4796.145833	7.00053E-14
4798.342053	7.08885E-14
4800.538274	6.76863E-14
4802.734494	6.77928E-14
4804.930714	7.05131E-14
4807.126935	7.0203e-14
4809.323155	7.23865E-14
4811.519375	7.06427E-14
4813.715595	7.13648E-14
4815.911816	7.41208E-14
4818.108036	7.07328E-14
4820.304256	6.99483E-14
4822.500477	7.38413E-14
4824.696697	7.22468E-14
4826.892917	6.71672E-14
4829.089138	7.4793e-14
4831.285358	6.34484E-14
4833.481578	6.88129E-14
4835.677799	6.72428E-14
4837.874019	6.55606E-14
4840.070239	6.5718e-14
4842.266459	6.57603E-14
4844.46268	6.42749E-14
4846.6589	6.43693E-14
4848.85512	6.8822e-14
4851.051341	6.66015E-14
4853.247561	7.16529E-14
4855.443781	7.4224e-14
4857.640002	7.53344E-14
4859.836222	7.01558E-14
4862.032442	7.25696E-14
4864.228662	7.61406E-14
4866.424883	7.27288E-14
4868.621103	7.03062E-14
4870.817323	7.23207E-14
4873.013544	6.90598E-14
4875.209764	7.38371E-14
4877.405984	7.34818E-14
4879.602205	7.73681E-14
4881.798425	7.79629E-14
4883.994645	7.64524E-14
4886.190866	7.86988E-14
4888.387086	8.32415E-14
4890.583306	8.17677E-14
4892.779526	7.92233E-14
4894.975747	8.3242e-14
4897.171967	8.03395E-14
4899.368187	9.16933E-14
4901.564408	9.09148E-14
4903.760628	8.78516E-14
4905.956848	8.86046E-14
4908.153069	9.01748E-14
4910.349289	8.82231E-14
4912.545509	8.755e-14
4914.741729	8.741e-14
4916.93795	8.1462e-14
4919.13417	8.62168E-14
4921.33039	8.44005E-14
4923.526611	8.41281E-14
4925.722831	8.33142E-14
4927.919051	8.49747E-14
4930.115272	8.94101E-14
4932.311492	8.62111E-14
4934.507712	8.46743E-14
4936.703933	8.40964E-14
4938.900153	8.36051E-14
4941.096373	8.32004E-14
4943.292593	8.32855E-14
4945.488814	8.39444E-14
4947.685034	8.24542E-14
4949.881254	8.13446E-14
4952.077475	8.68035E-14
4954.273695	8.59841E-14
4956.469915	8.50444E-14
4958.666136	8.61477E-14
4960.862356	8.44326E-14
4963.058576	8.57163E-14
4965.254796	8.41378E-14
4967.451017	8.25379E-14
4969.647237	8.37714E-14
4971.843457	8.42171E-14
4974.039678	8.37081E-14
4976.235898	8.14746E-14
4978.432118	7.44956E-14
4980.628339	7.73926E-14
4982.824559	7.51825E-14
4985.020779	7.83504E-14
4987.217	7.95186E-14
4989.41322	7.55722E-14
4991.60944	7.53258E-14
4993.80566	7.66493E-14
4996.001881	7.49301E-14
4998.198101	7.61559E-14
5000.394321	7.43445E-14
5002.590542	7.3539e-14
5004.786762	7.41783E-14
5006.982982	7.82008E-14
5009.179203	8.24901E-14
5011.375423	8.08832E-14
5013.571643	7.86016E-14
5015.767864	7.87821E-14
5017.964084	8.12879E-14
5020.160304	7.44833E-14
5022.356524	7.31982E-14
5024.552745	7.34774E-14
5026.748965	7.38507E-14
5028.945185	7.38453E-14
5031.141406	7.23173E-14
5033.337626	7.21716E-14
5035.533846	7.90014E-14
5037.730067	7.69077E-14
5039.926287	7.79464E-14
5042.122507	7.86541E-14
5044.318727	7.76815E-14
5046.514948	7.87753E-14
5048.711168	8.13792E-14
5050.907388	7.91068E-14
5053.103609	7.53874E-14
5055.299829	8.23713E-14
5057.496049	7.78846E-14
5059.69227	7.63933E-14
5061.88849	7.80294E-14
5064.08471	8.25751E-14
5066.280931	8.35395E-14
5068.477151	7.86872E-14
5070.673371	7.66553E-14
5072.869591	7.74017E-14
5075.065812	7.353e-14
5077.262032	7.90642E-14
5079.458252	7.88221E-14
5081.654473	7.89044E-14
5083.850693	7.80618E-14
5086.046913	7.79251E-14
5088.243134	8.19775E-14
5090.439354	8.56769E-14
5092.635574	8.6467e-14
5094.831794	7.88881E-14
5097.028015	8.08211E-14
5099.224235	8.27853E-14
5101.420455	8.2691e-14
5103.616676	8.40422E-14
5105.812896	8.87832E-14
5108.009116	9.17298E-14
5110.205337	8.394e-14
5112.401557	8.13074E-14
5114.597777	8.63199E-14
5116.793998	8.9692e-14
5118.990218	8.94099E-14
5121.186438	8.82966E-14
5123.382658	8.68209E-14
5125.578879	8.3551e-14
5127.775099	8.3718e-14
5129.971319	8.83804E-14
5132.16754	8.77036E-14
5134.36376	9.16065E-14
5136.55998	8.96712E-14
5138.756201	9.33281E-14
5140.952421	9.3011e-14
5143.148641	8.63807E-14
5145.344861	9.31231E-14
5147.541082	9.30211E-14
5149.737302	9.9352e-14
5151.933522	9.60705E-14
5154.129743	9.50327E-14
5156.325963	9.56372E-14
5158.522183	9.24234E-14
5160.718404	9.04153E-14
5162.914624	9.60098E-14
5165.110844	9.22662E-14
5167.307065	8.99163E-14
5169.503285	9.3887e-14
5171.699505	9.46115E-14
5173.895725	9.46875E-14
5176.091946	9.90899E-14
5178.288166	1.00477E-13
5180.484386	9.61055E-14
5182.680607	1.01897E-13
5184.876827	9.79876E-14
5187.073047	9.78713E-14
5189.269268	1.0459e-13
5191.465488	1.04368E-13
5193.661708	1.01976E-13
5195.857929	1.02023E-13
5198.054149	1.04822E-13
5200.250369	1.08358E-13
5202.446589	1.09547E-13
5204.64281	1.02417E-13
5206.83903	1.04293E-13
5209.03525	1.04579E-13
5211.231471	1.0833e-13
5213.427691	1.09217E-13
5215.623911	1.08478E-13
5217.820132	1.11711E-13
5220.016352	1.10411E-13
5222.212572	1.10428E-13
5224.408792	1.09569E-13
5226.605013	1.11227E-13
5228.801233	1.10805E-13
5230.997453	1.12132E-13
5233.193674	1.12692E-13
5235.389894	1.0851e-13
5237.586114	1.07559E-13
5239.782335	1.15674E-13
5241.978555	1.17642E-13
5244.174775	1.2102e-13
5246.370996	1.22439E-13
5248.567216	1.17673E-13
5250.763436	1.1389e-13
5252.959656	1.14444E-13
5255.155877	1.13267E-13
5257.352097	1.14253E-13
5259.548317	1.1351e-13
5261.744538	1.14602E-13
5263.940758	1.13213E-13
5266.136978	1.13118E-13
5268.333199	1.12163E-13
5270.529419	1.12607E-13
5272.725639	1.19821E-13
5274.921859	1.18432E-13
5277.11808	1.2005e-13
5279.3143	1.17378E-13
5281.51052	1.236e-13
5283.706741	1.26386E-13
5285.902961	1.26602E-13
5288.099181	1.26069E-13
5290.295402	1.23189E-13
5292.491622	1.28954E-13
5294.687842	1.32683E-13
5296.884063	1.23628E-13
5299.080283	1.24696E-13
5301.276503	1.29908E-13
5303.472723	1.29588E-13
5305.668944	1.26722E-13
5307.865164	1.27677E-13
5310.061384	1.24711E-13
5312.257605	1.25137E-13
5314.453825	1.26409E-13
5316.650045	1.26833E-13
5318.846266	1.26411E-13
5321.042486	1.25991E-13
5323.238706	1.25676E-13
5325.434926	1.24729E-13
5327.631147	1.22521E-13
5329.827367	1.27258E-13
5332.023587	1.22425E-13
5334.219808	1.27154E-13
5336.416028	1.25685E-13
5338.612248	1.28622E-13
5340.808469	1.33648E-13
5343.004689	1.33957E-13
5345.200909	1.31338E-13
5347.39713	1.26632E-13
5349.59335	1.25067E-13
5351.78957	1.31432E-13
5353.98579	1.30594E-13
5356.182011	1.24135E-13
5358.378231	1.22784E-13
5360.574451	1.29442E-13
5362.770672	1.27881E-13
5364.966892	1.27154E-13
5367.163112	1.27776E-13
5369.359333	1.2964e-13
5371.555553	1.29741E-13
5373.751773	1.26531E-13
5375.947994	1.25394E-13
5378.144214	1.28287E-13
5380.340434	1.29112E-13
5382.536654	1.30037E-13
5384.732875	1.35598E-13
5386.929095	1.27869E-13
5389.125315	1.27868E-13
5391.321536	1.24372E-13
5393.517756	1.23552E-13
5395.713976	1.28274E-13
5397.910197	1.27862E-13
5400.106417	1.29602E-13
5402.302637	1.22638E-13
5404.498857	1.27142E-13
5406.695078	1.21622E-13
5408.891298	1.22646E-13
5411.087518	1.25914E-13
5413.283739	1.25812E-13
5415.479959	1.27849E-13
5417.676179	1.27338E-13
5419.8724	1.27337E-13
5422.06862	1.29368E-13
5424.26484	1.2642e-13
5426.461061	1.23274E-13
5428.657281	1.24796E-13
5430.853501	1.2824e-13
5433.049721	1.23582E-13
5435.245942	1.23381E-13
5437.442162	1.27222E-13
5439.638382	1.21768E-13
5441.834603	1.21771E-13
5444.030823	1.20866E-13
5446.227043	1.20366E-13
5448.423264	1.22785E-13
5450.619484	1.25301E-13
5452.815704	1.19673E-13
5455.011924	1.23995E-13
5457.208145	1.25701E-13
5459.404365	1.21891E-13
5461.600585	1.19389E-13
5463.796806	1.20394E-13
5465.993026	1.22397E-13
5468.189246	1.22498E-13
5470.385467	1.20204E-13
5472.581687	1.19708E-13
5474.777907	1.16821E-13
5476.974128	1.19715E-13
5479.170348	1.23401E-13
5481.366568	1.25092E-13
5483.562788	1.237e-13
5485.759009	1.21119E-13
5487.955229	1.18642E-13
5490.151449	1.126e-13
5492.34767	1.15679E-13
5494.54389	1.17368E-13
5496.74011	1.18065E-13
5498.936331	1.16587E-13
5501.132551	1.15112E-13
5503.328771	1.16599E-13
5505.524991	1.14633E-13
5507.721212	1.14148E-13
5509.917432	1.10908E-13
5512.113652	1.10524E-13
5514.309873	1.11517E-13
5516.506093	1.12017E-13
5518.702313	1.1389e-13
5520.898534	1.16936E-13
5523.094754	1.11456E-13
5525.290974	1.10095E-13
5527.487195	1.09226E-13
5529.683415	1.10507E-13
5531.879635	1.10614E-13
5534.075855	1.11112E-13
5536.272076	1.10049E-13
5538.468296	1.05482E-13
5540.664516	1.09777E-13
5542.860737	1.09788E-13
5545.056957	1.06105E-13
5547.253177	1.03497E-13
5549.449398	9.99228E-14
5551.645618	9.92622E-14
5553.841838	1.01411E-13
5556.038059	1.03364E-13
5558.234279	1.02605E-13
5560.430499	9.77892E-14
5562.626719	9.57906E-14
5564.82294	9.37083E-14
5567.01916	9.31138E-14
5569.21538	9.16918E-14
5571.411601	9.1581e-14
5573.607821	9.35093E-14
5575.804041	8.45658E-14
5578.000262	8.63909E-14
5580.196482	8.5469e-14
5582.392702	8.72808E-14
5584.588922	8.7011e-14
5586.785143	8.31521E-14
5588.981363	7.89071E-14
5591.177583	7.79658E-14
5593.373804	7.8936e-14
5595.570024	8.07061E-14
5597.766244	7.80589E-14
5599.962465	7.62543E-14
5602.158685	7.4757e-14
5604.354905	7.51265E-14
5606.551126	7.63603E-14
5608.747346	7.6215e-14
5610.943566	7.55101E-14
5613.139786	7.66363E-14
5615.336007	7.09672E-14
5617.532227	6.91129E-14
5619.728447	6.85764E-14
5621.924668	7.18596E-14
5624.120888	7.40232E-14
5626.317108	7.11906E-14
5628.513329	6.88057E-14
5630.709549	7.0976e-14
5632.905769	7.20129E-14
5635.101989	7.00656E-14
5637.29821	6.9917e-14
5639.49443	6.92332E-14
5641.69065	6.85222E-14
5643.886871	6.77373E-14
5646.083091	6.58009E-14
5648.279311	6.93926E-14
5650.475532	6.95539E-14
5652.671752	6.7742e-14
5654.867972	6.16165E-14
5657.064193	6.06818E-14
5659.260413	6.01216E-14
5661.456633	5.91056E-14
5663.652853	6.19471E-14
5665.849074	6.23644E-14
5668.045294	6.15256E-14
5670.241514	6.39776E-14
5672.437735	6.14582E-14
5674.633955	6.1188e-14
5676.830175	6.27909E-14
5679.026396	6.37335E-14
5681.222616	6.27771E-14
5683.418836	6.30986E-14
5685.615056	5.73752E-14
5687.811277	6.18006E-14
5690.007497	6.3294e-14
5692.203717	6.07279E-14
5694.399938	6.11694E-14
5696.596158	6.30832E-14
5698.792378	6.26022E-14
5700.988599	6.28298E-14
5703.184819	6.06596E-14
5705.381039	6.40364E-14
5707.57726	5.93648E-14
5709.77348	6.11062E-14
5711.9697	6.31836E-14
5714.16592	6.34096E-14
5716.362141	6.38637E-14
5718.558361	6.48836E-14
5720.754581	5.98585E-14
5722.950802	6.59425E-14
5725.147022	6.30754E-14
5727.343242	6.52858E-14
5729.539463	6.46715E-14
5731.735683	6.58315E-14
5733.931903	6.9534e-14
5736.128123	6.98894E-14
5738.324344	6.98903E-14
5740.520564	7.17135E-14
5742.716784	6.81618E-14
5744.913005	6.99292E-14
5747.109225	7.38106E-14
5749.305445	7.20459E-14
5751.501666	6.86853E-14
5753.697886	7.00768E-14
5755.894106	6.95094E-14
5758.090327	7.55748E-14
5760.286547	7.513e-14
5762.482767	7.84827E-14
5764.678987	7.87106E-14
5766.875208	8.1705e-14
5769.071428	8.40037E-14
5771.267648	8.27378E-14
5773.463869	8.20385E-14
5775.660089	9.12637E-14
5777.856309	8.35874E-14
5780.05253	8.79415E-14
5782.24875	9.14133E-14
5784.44497	9.42012E-14
5786.641191	9.61818E-14
5788.837411	9.60197E-14
5791.033631	9.37197E-14
5793.229851	9.70314E-14
5795.426072	9.92706E-14
5797.622292	1.01329E-13
5799.818512	1.01607E-13
5802.014733	1.05702E-13
5804.210953	1.0571e-13
5806.407173	1.04567E-13
5808.603394	1.0679e-13
5810.799614	1.08214E-13
5812.995834	1.06187E-13
5815.192054	1.10171E-13
5817.388275	1.17326E-13
5819.584495	1.1468e-13
5821.780715	1.13007E-13
5823.976936	1.13186E-13
5826.173156	1.1398e-13
5828.369376	1.13455E-13
5830.565597	1.12315E-13
5832.761817	1.18904E-13
5834.958037	1.17586E-13
5837.154258	1.22847E-13
5839.350478	1.23543E-13
5841.546698	1.21961E-13
5843.742918	1.21957E-13
5845.939139	1.2309e-13
5848.135359	1.23609E-13
5850.331579	1.25087E-13
5852.5278	1.22028E-13
5854.72402	1.25074E-13
5856.92024	1.23674E-13
5859.116461	1.25321E-13
5861.312681	1.26097E-13
5863.508901	1.24699E-13
5865.705121	1.22088E-13
5867.901342	1.17571E-13
5870.097562	1.21298E-13
5872.293782	1.16702E-13
5874.490003	1.20165E-13
5876.686223	1.19642E-13
5878.882443	1.13242E-13
5881.078664	1.11689E-13
5883.274884	1.12987E-13
5885.471104	1.09884E-13
5887.667325	1.11612E-13
5889.863545	1.05586E-13
5892.059765	1.10327E-13
5894.255985	1.06719E-13
5896.452206	1.09303E-13
5898.648426	1.13687E-13
5900.844646	1.11114E-13
5903.040867	1.06916E-13
5905.237087	1.1172e-13
5907.433307	1.14804E-13
5909.629528	1.17114E-13
5911.825748	1.16942E-13
5914.021968	1.1694e-13
5916.218188	1.16598E-13
5918.414409	1.18302E-13
5920.610629	1.2009e-13
5922.806849	1.21278E-13
5925.00307	1.24082E-13
5927.19929	1.1472e-13
5929.39551	1.1591e-13
5931.591731	1.13616E-13
5933.787951	1.09714E-13
5935.984171	1.13787E-13
5938.180392	1.15144E-13
5940.376612	1.11926E-13
5942.572832	1.09982E-13
5944.769052	1.12099E-13
5946.965273	1.13283E-13
5949.161493	1.14803E-13
5951.357713	1.14887E-13
5953.553934	1.15477E-13
5955.750154	1.19014E-13
5957.946374	1.15559E-13
5960.142595	1.11942E-13
5962.338815	1.14381E-13
5964.535035	1.16144E-13
5966.731256	1.16058E-13
5968.927476	1.13122E-13
5971.123696	1.11279E-13
5973.319916	1.11867E-13
5975.516137	1.15717E-13
5977.712357	1.15716E-13
5979.908577	1.14712E-13
5982.104798	1.15713E-13
5984.301018	1.14877E-13
5986.497238	1.06206E-13
5988.693459	1.08544E-13
5990.889679	1.13959E-13
5993.085899	1.11962E-13
5995.282119	1.1213e-13
5997.47834	1.13044E-13
5999.67456	1.14704E-13
6001.87078	1.15284E-13
6004.067001	1.12133E-13
6006.263221	1.123e-13
6008.459441	1.13624E-13
6010.655662	1.13128E-13
6012.851882	1.12632E-13
6015.048102	1.11476E-13
6017.244323	1.12798E-13
6019.440543	1.16096E-13
6021.636763	1.16506E-13
6023.832983	1.13704E-13
6026.029204	1.12551E-13
6028.225424	1.11729E-13
6030.421644	1.13455E-13
6032.617865	1.13209E-13
6034.814085	1.13208E-13
6039.206526	1.07965E-13
6041.402746	1.05922E-13
6043.598966	1.08135E-13
6045.795186	1.06831E-13
6047.991407	1.07407E-13
6050.187627	1.11654E-13
6052.383847	1.10513E-13
6054.580068	1.10351E-13
6056.776288	1.08398E-13
6058.972508	1.09215E-13
6061.168729	1.11738E-13
6063.364949	1.12063E-13
6065.561169	1.0849e-13
6067.75739	1.05247E-13
6069.95361	1.01928E-13
6072.14983	1.02664E-13
6074.34605	1.06153E-13
6076.542271	1.05429E-13
6078.738491	1.05433E-13
6080.934711	1.04549E-13
6083.130932	1.07219E-13
6085.327152	1.11175E-13
6087.523372	1.08032E-13
6089.719593	1.01992E-13
6091.915813	1.08439E-13
6094.112033	1.06672E-13
6096.308253	1.07399E-13
6098.504474	1.04912E-13
6100.700694	1.09893E-13
6102.896914	1.10456E-13
6105.093135	1.08453E-13
6107.289355	1.09576E-13
6109.485575	1.11018E-13
6111.681796	1.10379E-13
6113.878016	1.13656E-13
6116.074236	1.1661e-13
6118.270457	1.15249E-13
6120.466677	1.05915E-13
6122.662897	1.07592E-13
6124.859117	1.1086e-13
6127.055338	1.0895e-13
6129.251558	1.05532E-13
6131.447778	1.04503E-13
6133.643999	1.02681E-13
6135.840219	1.03083E-13
6138.036439	1.0293e-13
6140.23266	1.02302E-13
6142.42888	1.00883E-13
6144.6251	9.96236E-14
6146.821321	9.95524E-14
6149.017541	1.03353E-13
6151.213761	1.04701E-13
6153.409981	9.97338E-14
6155.606202	1.01003E-13
6157.802422	9.90401E-14
6159.998642	1.02119E-13
6162.194863	9.46503E-14
6164.391083	9.59981E-14
6166.587303	9.8051e-14
6168.783524	1.01671E-13
6170.979744	1.06385E-13
6173.175964	1.05368E-13
6175.372184	1.00749E-13
6177.568405	1.04279E-13
6179.764625	1.03422E-13
6181.960845	1.04912E-13
6184.157066	9.59322E-14
6186.353286	9.55519E-14
6188.549506	9.86045E-14
6190.745727	1.00561E-13
6192.941947	9.94773E-14
6195.138167	9.92511E-14
6197.334388	9.72361E-14
6199.530608	9.3436e-14
6201.726828	9.80305E-14
6203.923048	9.60205E-14
6206.119269	9.61077E-14
6208.315489	1.01001E-13
6210.511709	9.10919E-14
6212.70793	9.06405E-14
6214.90415	8.82559E-14
6217.10037	8.47926E-14
6219.296591	8.38831E-14
6221.492811	8.5522e-14
6223.689031	8.70814E-14
6225.885251	8.86386E-14
6228.081472	8.78059E-14
6230.277692	8.72052E-14
6232.473912	9.25277E-14
6234.670133	9.05411E-14
6236.866353	8.95556E-14
6239.062573	8.7497e-14
6241.258794	8.79724E-14
6243.455014	8.83703E-14
6245.651234	8.57041E-14
6247.847455	8.39601E-14
6250.043675	8.55837E-14
6252.239895	8.46829E-14
6254.436115	8.56927E-14
6256.632336	8.19691E-14
6258.828556	8.34369E-14
6261.024776	8.59697E-14
6263.220997	8.59094E-14
6265.417217	8.5697e-14
6267.613437	8.12258E-14
6269.809658	7.75969E-14
6272.005878	7.94412E-14
6274.202098	7.9082e-14
6276.398318	8.13778E-14
6278.594539	8.60955E-14
6280.790759	8.18699E-14
6282.986979	8.49157E-14
6285.1832	8.65958E-14
6287.37942	8.66865E-14
6289.57564	8.32274E-14
6291.771861	8.5207e-14
6293.968081	9.2086e-14
6296.164301	9.48103E-14
6298.360522	9.27861E-14
6300.556742	9.3173e-14
6302.752962	9.32585E-14
6304.949182	9.11643E-14
6307.145403	8.53929E-14
6309.341623	9.35141E-14
6311.537843	9.3599e-14
6313.734064	9.17352E-14
6315.930284	8.98739E-14
6318.126504	9.22813E-14
6320.322725	9.52088E-14
6322.518945	9.64132E-14
6324.715165	9.67197E-14
6326.911386	9.30701E-14
6329.107606	9.45718E-14
6331.303826	9.07796E-14
6333.500046	9.98777E-14
6335.696267	9.65336E-14
6337.892487	1.03309E-13
6340.088707	1.00339E-13
6342.284928	1.0792e-13
6344.481148	1.07548E-13
6346.677368	1.00428E-13
6348.873589	9.85792E-14
6351.069809	9.83629E-14
6353.266029	9.65926E-14
6355.462249	1.06881E-13
6357.65847	1.06438E-13
6359.85469	1.04887E-13
6362.05091	1.026e-13
6364.247131	1.03341E-13
6366.443351	1.07987E-13
6368.639571	1.11301E-13
6370.835792	1.08721E-13
6373.032012	1.03056E-13
6375.228232	1.03647E-13
6377.424453	1.07983E-13
6379.620673	1.08055E-13
6381.816893	1.04533E-13
6384.013113	1.02555E-13
6386.209334	1.07246E-13
6388.405554	1.04757E-13
6390.601774	1.03368E-13
6392.797995	1.0856e-13
6394.994215	1.02568E-13
6397.190435	1.03082E-13
6399.386656	1.04762E-13
6401.582876	1.04034E-13
6403.779096	1.00976E-13
6405.975316	1.00179E-13
6408.171537	1.01201E-13
6410.367757	1.01932E-13
6412.563977	1.04768E-13
6414.760198	1.0005e-13
6416.956418	1.05205E-13
6419.152638	1.02523E-13
6421.348859	1.03902E-13
6423.545079	1.06655E-13
6425.741299	9.64519E-14
6427.93752	1.00146E-13
6430.13374	1.00222E-13
6432.32996	1.02176E-13
6434.52618	1.01673E-13
6436.722401	9.87912E-14
6438.918621	9.62737E-14
6441.114841	9.49119E-14
6443.311062	9.49191E-14
6445.507282	9.06115E-14
6447.703502	9.22746E-14
6449.899723	8.79746E-14
6452.095943	8.71971E-14
6454.292163	9.09388E-14
6456.488383	9.41021E-14
6458.684604	9.26057E-14
6460.880824	8.9823e-14
6463.077044	9.03341E-14
6465.273265	8.74138E-14
6467.469485	8.52831E-14
6469.665705	8.39404E-14
6471.861926	8.5096e-14
6474.058146	8.83885E-14
6476.254366	8.81149E-14
6478.450587	8.78416E-14
6480.646807	8.45809E-14
6482.843027	8.46658E-14
6485.039247	8.29035E-14
6487.235468	9.10824E-14
6489.431688	9.24396E-14
6491.627908	8.6989e-14
6493.824129	8.76387E-14
6496.020349	9.0199e-14
6498.216569	9.14824E-14
6500.41279	9.13499E-14
6502.60901	8.75434E-14
6504.80523	8.64251E-14
6507.001451	8.75663E-14
6509.197671	8.84944E-14
6511.393891	9.14648E-14
6513.590111	9.1544e-14
6515.786332	9.17637E-14
6517.982552	9.22645E-14
6520.178772	9.21321E-14
6522.374993	9.207e-14
6524.571213	9.75524E-14
6526.767433	9.60841E-14
6528.963654	9.58092E-14
6531.159874	9.4344e-14
6533.356094	9.14808E-14
6535.552314	9.54762E-14
6537.748535	9.38743E-14
6539.944755	9.49289E-14
6542.140975	9.67499E-14
6544.337196	9.50806E-14
6546.533416	9.55048E-14
6548.729636	9.91329E-14
6550.925857	9.92057E-14
6553.122077	9.48954E-14
6555.318297	9.76128E-14
6557.514518	1.00535E-13
6559.710738	1.01231E-13
6561.906958	1.03037E-13
6564.103178	1.11358E-13
6566.299399	1.06641E-13
6568.495619	1.04908E-13
6570.691839	1.07952E-13
6572.88806	1.06427E-13
6575.08428	1.09812E-13
6577.2805	1.09531E-13
6579.476721	1.11252E-13
6581.672941	1.12971E-13
6583.869161	1.1841e-13
6586.065381	1.20604E-13
6588.261602	1.16669E-13
6590.457822	1.13909E-13
6592.654042	1.15414E-13
6594.850263	1.22138E-13
6597.046483	1.19036E-13
6599.242703	1.14292E-13
6601.438924	1.15655E-13
6603.635144	1.15578E-13
6605.831364	1.15912E-13
6608.027585	1.10635E-13
6610.223805	1.13707E-13
6612.420025	1.14998E-13
6614.616245	1.21204E-13
6616.812466	1.25013E-13
6619.008686	1.18997E-13
6621.204906	1.14489E-13
6623.401127	1.17886E-13
6625.597347	1.16991E-13
6627.793567	1.18614E-13
6629.989788	1.18331E-13
6632.186008	1.21038E-13
6634.382228	1.21501E-13
6636.578448	1.22574E-13
6638.774669	1.26628E-13
6640.970889	1.2546e-13
6643.167109	1.24158E-13
6645.36333	1.25835E-13
6647.55955	1.32784E-13
6649.75577	1.24588E-13
6651.951991	1.25181E-13
6654.148211	1.23816E-13
6656.344431	1.29129E-13
6658.540652	1.30324E-13
6660.736872	1.1677e-13
6662.933092	1.26855E-13
6665.129312	1.26233E-13
6667.325533	1.27898E-13
6669.521753	1.26873E-13
6671.717973	1.19809E-13
6673.914194	1.17383E-13
6676.110414	1.224e-13
6678.306634	1.19305E-13
6680.502855	1.14674E-13
6682.699075	1.16338E-13
6684.895295	1.15393E-13
6687.091516	1.13647E-13
6689.287736	1.14574E-13
6691.483956	1.17768E-13
6693.680176	1.16557E-13
6695.876397	1.10883E-13
6698.072617	1.09479E-13
6700.268837	1.12801E-13
6702.465058	1.14656E-13
6704.661278	1.14846E-13
6706.857498	1.15568E-13
6709.053719	1.14364E-13
6711.249939	1.09779E-13
6713.446159	1.1448e-13
6715.642379	1.05992E-13
6717.8386	1.08107E-13
6720.03482	1.09426E-13
6722.23104	1.09751E-13
6724.427261	1.10604E-13
6726.623481	1.01948E-13
6728.819701	1.16597E-13
6731.015922	1.07486E-13
6733.212142	1.15258E-13
6735.408362	1.11693E-13
6737.604583	1.07342E-13
6739.800803	1.08324E-13
6741.997023	1.05033E-13
6744.193243	1.10023E-13
6746.389464	1.12117E-13
6748.585684	1.12766E-13
6750.781904	1.13151E-13
6752.978125	1.09671E-13
6755.174345	1.07439E-13
6757.370565	1.06911E-13
6759.566786	1.0475e-13
6761.763006	1.00173E-13
6763.959226	1.0063e-13
6766.155446	1.04024E-13
6768.351667	1.09173E-13
6770.547887	1.12361E-13
6772.744107	1.06752E-13
6774.940328	1.08896E-13
6777.136548	1.06224E-13
6779.332768	9.95892E-14
6781.528989	1.04072E-13
6783.725209	1.09069E-13
6785.921429	1.04521E-13
6788.11765	1.01017E-13
6790.31387	9.82306E-14
6792.51009	9.47999E-14
6794.70631	9.49327E-14
6796.902531	9.95923E-14
6799.098751	1.0347e-13
6801.294971	1.00949E-13
6803.491192	9.73341E-14
6805.687412	9.68197E-14
6807.883632	1.00045E-13
6810.079853	1.0275e-13
6812.276073	1.03264E-13
6814.472293	1.03261E-13
6816.668513	1.02809E-13
6818.864734	1.01651E-13
6821.060954	1.03319E-13
6823.257174	1.0075e-13
6825.453395	9.51054E-14
6827.649615	9.83128E-14
6829.845835	9.8826e-14
6832.042056	9.79304E-14
6834.238276	9.21745E-14
6836.434496	9.46084E-14
6838.630717	9.64641E-14
6840.826937	9.49338E-14
6843.023157	8.92584E-14
6845.219377	9.13052E-14
6847.415598	9.1629e-14
6849.611818	8.38651E-14
6851.808038	7.88475E-14
6854.004259	7.29461E-14
6856.200479	6.77513E-14
6858.396699	6.19025E-14
6860.59292	5.70578E-14
6862.78914	5.58922E-14
6864.98536	5.99517E-14
6867.18158	6.87385E-14
6869.377801	7.33164E-14
6871.574021	7.60535E-14
6873.770241	7.36021E-14
6875.966462	7.53876E-14
6878.162682	7.18662E-14
6880.358902	7.32088E-14
6882.555123	7.68201E-14
6884.751343	7.67711E-14
6886.947563	7.18089E-14
6889.143784	7.5792e-14
6891.340004	7.39193E-14
6893.536224	7.38722E-14
6895.732444	7.47676E-14
6897.928665	7.79851E-14
6900.124885	7.63039E-14
6902.321105	7.29945E-14
6904.517326	7.55175E-14
6906.713546	8.27972E-14
6908.909766	8.48101E-14
6911.105987	7.66246E-14
6913.302207	7.35754E-14
6915.498427	7.28415E-14
6917.694648	7.36693E-14
6919.890868	7.05029E-14
6922.087088	7.30146E-14
6924.283308	7.5087e-14
6926.479529	7.37316E-14
6928.675749	7.43695E-14
6930.871969	7.42601E-14
6933.06819	7.32808E-14
6935.26441	7.11224E-14
6937.46063	6.96497E-14
6939.656851	7.14047E-14
6941.853071	7.55753E-14
6944.049291	7.73863E-14
6946.245511	8.22909E-14
6948.441732	8.16201E-14
6950.637952	8.60829E-14
6952.834172	8.63376E-14
6955.030393	8.54184E-14
6957.226613	8.69076E-14
6959.422833	8.91968E-14
6961.619054	8.48869E-14
6963.815274	8.3478e-14
6966.011494	9.14908E-14
6968.207715	8.97719E-14
6970.403935	9.38967E-14
6972.600155	8.60331E-14
6974.796375	8.58561E-14
6976.992596	8.7582e-14
6979.188816	8.38467E-14
6981.385036	8.61232E-14
6983.581257	8.47826E-14
6985.777477	7.98929E-14
6987.973697	8.32689E-14
6990.169918	8.89641E-14
6992.366138	8.34698E-14
6994.562358	8.40892E-14
6996.758578	8.63555E-14
6998.954799	8.48375E-14
7001.151019	8.55157E-14
7003.347239	8.91169E-14
7005.54346	8.88784E-14
7007.73968	8.96745E-14
7009.9359	8.97399E-14
7012.132121	8.87723E-14
7014.328341	9.1935e-14
7016.524561	9.77032E-14
7018.720782	9.66718E-14
7020.917002	9.27929E-14
7023.113222	9.12206E-14
7025.309442	9.83065E-14
7027.505663	9.33449E-14
7029.701883	1.00179E-13
7031.898103	1.05192E-13
7034.094324	9.26871E-14
7036.290544	8.97327E-14
7038.486764	9.41394E-14
7040.682985	9.86009E-14
7042.879205	9.60699E-14
7045.075425	9.53479E-14
7047.271645	1.00342E-13
7049.467866	1.01482E-13
7051.664086	9.37278E-14
7053.860306	9.8353e-14
7056.056527	9.71516E-14
7058.252747	9.68513E-14
7060.448967	1.03743E-13
7062.645188	1.00983E-13
7064.841408	9.49947E-14
7067.037628	9.66106E-14
7069.233849	9.66702E-14
7071.430069	9.48775E-14
7073.626289	9.57739E-14
7075.822509	1.0025e-13
7078.01873	9.57147E-14
7080.21495	9.4523e-14
7082.41117	9.94675E-14
7084.607391	9.58939E-14
7086.803611	1.00118E-13
7088.999831	9.27432E-14
7091.196052	9.36958E-14
7093.392272	9.15002E-14
7095.588492	9.16216E-14
7097.784713	9.31661E-14
7099.980933	8.57001E-14
7102.177153	8.8964e-14
7104.373373	8.76067E-14
7106.569594	8.90907E-14
7108.765814	8.42468E-14
7110.962034	8.30722E-14
7113.158255	8.98114E-14
7115.354475	9.08772E-14
7117.550695	8.74595E-14
7119.746916	9.02936E-14
7121.943136	8.8353e-14
7124.139356	8.91816E-14
7126.335576	8.87148E-14
7128.531797	8.6132e-14
7130.728017	8.67253E-14
7132.924237	8.69655E-14
7135.120458	8.87312E-14
7137.316678	8.90285E-14
7139.512898	8.61603E-14
7141.709119	8.06012E-14
7143.905339	8.06102E-14
7146.101559	8.35443E-14
7148.29778	7.92248E-14
7150.494	7.1054e-14
7152.69022	7.11272E-14
7154.88644	7.2134e-14
7157.082661	6.90569E-14
7159.278881	6.16118E-14
7161.475101	5.94186E-14
7163.671322	6.16527E-14
7165.867542	6.27785E-14
7168.063762	6.48333E-14
7170.259983	5.74833E-14
7172.456203	5.46895E-14
7174.652423	5.57936E-14
7176.848643	5.2691e-14
7179.044864	5.11052E-14
7181.241084	5.08017E-14
7183.437304	5.10717E-14
7185.633525	5.29442E-14
7187.829745	5.05236E-14
7190.025965	5.09839E-14
7192.222186	5.66649E-14
7194.418406	5.7121e-14
7196.614626	6.21279E-14
7198.810847	6.63561E-14
7201.007067	6.11879E-14
7203.203287	6.11506E-14
7205.399507	6.81914E-14
7207.595728	6.65395E-14
7209.791948	7.42582E-14
7211.988168	7.05942E-14
7214.184389	6.78532E-14
7216.380609	6.66645E-14
7218.576829	6.41585E-14
7220.77305	5.94781E-14
7222.96927	5.82394E-14
7225.16549	5.78033E-14
7227.36171	5.23746E-14
7229.557931	5.89907E-14
7231.754151	5.51731E-14
7233.950371	5.24905E-14
7236.146592	5.3052e-14
7238.342812	5.44568E-14
7240.539032	5.17681E-14
7242.735253	5.32517E-14
7244.931473	5.07207E-14
7247.127693	4.97343E-14
7249.323914	5.16427E-14
7251.520134	5.19865E-14
7253.716354	5.40843E-14
7255.912574	5.38189E-14
7258.108795	5.16482E-14
7260.305015	5.13676E-14
7262.501235	5.42821E-14
7264.697456	5.36775E-14
7266.893676	5.41259E-14
7269.089896	5.47717E-14
7271.286117	5.34785E-14
7273.482337	5.58802E-14
7275.678557	5.8358e-14
7277.874778	5.63881E-14
7280.070998	5.50238E-14
7282.267218	5.60103E-14
7284.463438	5.53178E-14
7286.659659	5.6663e-14
7288.855879	6.20837E-14
7291.052099	5.54539E-14
7293.24832	5.56002E-14
7295.44454	5.72002E-14
7297.64076	5.77829E-14
7299.836981	5.89816E-14
7302.033201	5.67609E-14
7304.229421	5.81267E-14
7306.425641	5.63009E-14
7308.621862	5.68264E-14
7310.818082	6.20466E-14
7313.014302	6.44674E-14
7315.210523	6.47637E-14
7317.406743	6.63429E-14
7319.602963	6.11729E-14
7321.799184	6.31982E-14
7323.995404	6.57224E-14
7326.191624	6.28998E-14
7328.387845	6.57549E-14
7330.584065	7.02188E-14
7332.780285	6.162e-14
7334.976505	6.05835E-14
7337.172726	5.96038E-14
7339.368946	6.41162E-14
7341.565166	6.26366E-14
7343.761387	6.2156e-14
7345.957607	5.78004E-14
7348.153827	5.83192E-14
7350.350048	5.77313E-14
7352.546268	6.27813E-14
7354.742488	6.13077E-14
7356.938708	5.9008e-14
7359.134929	5.84211E-14
7361.331149	6.03159E-14
7363.527369	6.42472E-14
7365.72359	6.3548e-14
7367.91981	6.19692E-14
7370.11603	6.22623E-14
7372.312251	6.23901E-14
7374.508471	6.26276E-14
7376.704691	5.6496e-14
7378.900912	6.17849E-14
7381.097132	6.2132e-14
7383.293352	6.25883E-14
7385.489572	7.15339E-14
7387.685793	6.82617E-14
7389.882013	6.75099E-14
7392.078233	6.90554E-14
7394.274454	6.64461E-14
7396.470674	6.34577E-14
7398.666894	5.84534E-14
7400.863115	6.20733E-14
7403.059335	6.35628E-14
7405.255555	6.45603E-14
7407.451775	6.48487E-14
7409.647996	6.64428E-14
7411.844216	6.23789E-14
7414.040436	6.08201E-14
7416.236657	6.38804E-14
7418.432877	6.76427E-14
7420.629097	6.59207E-14
7422.825318	6.85387E-14
7425.021538	6.61137E-14
7427.217758	6.53164E-14
7429.413979	6.54943E-14
7431.610199	6.40491E-14
7433.806419	6.466e-14
7436.002639	6.45138E-14
7438.19886	6.65277E-14
7440.39508	6.18472E-14
7442.5913	5.80891E-14
7444.787521	5.99415E-14
7446.983741	6.7556e-14
7449.179961	6.1486e-14
7451.376182	6.67231E-14
7453.572402	6.62535E-14
7455.768622	6.21836E-14
7457.964843	6.73035E-14
7460.161063	6.10904E-14
7462.357283	6.37906E-14
7464.553503	5.46379E-14
7466.749724	5.89999E-14
7468.945944	6.21786E-14
7471.142164	6.23026E-14
7473.338385	6.2266e-14
7475.534605	6.07325E-14
7477.730825	6.42766E-14
7479.927046	6.49865E-14
7482.123266	5.68898E-14
7484.319486	5.98966E-14
7486.515706	5.91685E-14
7488.711927	6.12115E-14
