      1851.18  2.71445e-13  2.02415e-13
      1853.84 -1.68708e-13  1.81777e-13
      1856.51 -1.45803e-13  1.49477e-13
      1859.17  2.65133e-13  1.46948e-13
      1861.83  3.62366e-14  2.19463e-13
      1864.49 -2.26253e-13  1.99975e-13
      1867.16  3.74183e-13  2.58452e-13
      1869.82 -1.05902e-14  2.33069e-13
      1872.48  1.78995e-16  2.08627e-13
      1875.15 -1.69853e-13  1.69863e-13
      1877.81 -1.81856e-13  1.59675e-13
      1880.47  1.17919e-14  1.65814e-13
      1883.13  5.87706e-14  1.58110e-13
      1885.80 -6.49642e-14  1.26119e-13
      1888.46  6.92589e-14  1.21359e-13
      1891.12 -1.20180e-13  1.43194e-13
      1893.78 -2.17502e-15  1.36967e-13
      1896.45 -1.49413e-14  1.19963e-13
      1899.11  3.48022e-14  1.15819e-13
      1901.77 -3.16314e-14  9.56353e-14
      1904.43 -5.03543e-14  9.20758e-14
      1907.10  1.21646e-13  9.40854e-14
      1909.76  8.25639e-14  9.12067e-14
      1912.42  1.40839e-13  9.52326e-14
      1915.09  3.59724e-14  8.34039e-14
      1917.75 -5.20048e-14  7.93843e-14
      1920.41 -8.29135e-14  7.01363e-14
      1923.07  1.15710e-13  1.06529e-13
      1925.74  2.02125e-14  6.62261e-14
      1928.40 -7.90827e-15  6.32692e-14
      1931.06 -8.45991e-15  7.18301e-14
      1933.72  7.43871e-14  7.17502e-14
      1936.39  4.71873e-14  6.58342e-14
      1939.05 -2.06421e-15  6.14412e-14
      1941.71  8.66765e-14  6.39478e-14
      1944.37 -4.46337e-14  5.87573e-14
      1947.04  4.60452e-15  5.19312e-14
      1949.70 -4.11496e-14  5.01488e-14
      1952.36  1.04428e-13  6.94641e-14
      1955.03 -2.79581e-15  4.40267e-14
      1957.69  2.70602e-14  4.35605e-14
      1960.35  8.69462e-14  4.38088e-14
      1963.01 -2.43092e-14  3.89212e-14
      1965.68 -1.45864e-14  4.04985e-14
      1968.34 -8.78187e-16  3.91763e-14
      1971.00 -2.57895e-14  3.66942e-14
      1973.66  5.70262e-14  3.78053e-14
      1976.33 -6.05397e-15  3.93290e-14
      1978.99 -5.18667e-14  3.80957e-14
      1981.65 -1.82922e-14  3.19683e-14
      1984.31  4.15311e-14  3.25489e-14
      1986.98  1.97696e-14  3.08639e-14
      1989.64 -2.93103e-14  2.92369e-14
      1992.30  3.19496e-14  3.12642e-14
      1994.97 -3.01342e-14  2.93626e-14
      1997.63  1.93581e-14  2.78107e-14
      2000.29  1.07288e-14  3.19128e-14
      2002.95  6.66036e-15  3.12852e-14
      2005.62  3.24992e-14  2.67734e-14
      2008.28  3.54278e-15  2.80558e-14
      2010.94  5.70533e-14  2.71058e-14
      2013.60 -3.21888e-14  2.49635e-14
      2016.27 -1.14680e-14  2.76555e-14
      2018.93  1.73743e-14  2.78929e-14
      2021.59  3.18402e-14  2.60670e-14
      2024.25  1.39715e-14  2.46671e-14
      2026.92  1.48121e-15  2.26737e-14
      2029.58  7.47466e-15  2.24320e-14
      2032.24  1.84664e-14  2.23538e-14
      2034.91  4.41217e-14  2.34455e-14
      2037.57  1.79783e-15  2.23854e-14
      2040.23 -1.82618e-14  2.10653e-14
      2042.89 -1.77599e-14  2.08192e-14
      2045.56 -5.11921e-15  2.30592e-14
      2048.22  2.62394e-14  2.30145e-14
      2050.88  2.55621e-14  2.08640e-14
      2053.54  9.13480e-15  1.98763e-14
      2056.21  7.37705e-15  2.91763e-14
      2058.87 -3.77540e-14  2.11109e-14
      2061.53  2.67813e-14  2.12269e-14
      2064.19  1.56739e-14  2.03667e-14
      2066.86 -3.97914e-15  1.95811e-14
      2069.52  2.25940e-14  2.02014e-14
      2072.18 -1.01705e-14  1.74624e-14
      2074.85  3.48261e-14  1.93255e-14
      2077.51 -1.88750e-15  2.11344e-14
      2080.17  3.64780e-14  2.01823e-14
      2082.83  2.19727e-14  1.90876e-14
      2085.50  1.24624e-14  1.78838e-14
      2088.16  1.13730e-14  1.76162e-14
      2090.82 -1.27580e-14  1.76875e-14
      2093.48 -1.78890e-14  1.98896e-14
      2096.15  1.35139e-14  1.79647e-14
      2098.81 -1.77906e-15  1.75283e-14
      2101.47 -4.73362e-15  1.75874e-14
      2104.13 -2.02196e-14  1.51371e-14
      2106.80 -1.72417e-14  1.70205e-14
      2109.46  4.44663e-14  1.87501e-14
      2112.12 -8.13903e-16  1.63958e-14
      2114.79  2.01317e-14  1.68126e-14
      2117.45 -2.40311e-14  1.57371e-14
      2120.11 -6.75990e-15  1.64473e-14
      2122.77 -7.20368e-15  1.65016e-14
      2125.44 -4.68024e-15  1.58912e-14
      2128.10  2.78601e-15  1.57432e-14
      2130.76 -9.35473e-15  1.71421e-14
      2133.42  3.00496e-14  1.84419e-14
      2136.09 -7.89958e-15  1.71097e-14
      2138.75 -1.05621e-14  1.43200e-14
      2141.41 -5.24561e-15  2.13918e-14
      2144.07 -8.13359e-15  1.54780e-14
      2146.74  1.02035e-14  1.99230e-14
      2149.40  3.07257e-17  1.94128e-14
      2152.06  8.07013e-15  1.40844e-14
      2154.73  2.02901e-14  1.97388e-14
      2157.39  5.20045e-14  1.47222e-14
      2160.05 -1.94550e-14  1.32636e-14
      2162.71 -2.19309e-14  1.41451e-14
      2165.38  9.33268e-15  1.30232e-14
      2168.04  4.97020e-15  1.43909e-14
      2170.70  1.77078e-14  1.57133e-14
      2173.36  4.45569e-15  1.59569e-14
      2176.03 -2.41243e-14  1.27387e-14
      2178.69  2.43526e-14  1.44147e-14
      2181.35  2.98675e-14  1.31458e-14
      2184.01 -2.20878e-14  1.23948e-14
      2186.68 -2.22129e-14  1.22845e-14
      2189.34  1.64312e-14  1.20102e-14
      2192.00  5.32236e-14  2.68123e-14
      2194.67 -3.26105e-15  1.51073e-14
      2197.33  1.37838e-15  1.12570e-14
      2199.99  1.71688e-15  1.08614e-14
      2202.65  7.93449e-15  1.38028e-14
      2205.32  3.04464e-15  1.10522e-14
      2207.98 -8.95078e-15  1.38659e-14
      2210.64  9.62116e-15  1.15078e-14
      2213.30  3.27596e-15  1.00555e-14
      2215.97  4.54804e-15  1.00679e-14
      2218.63  3.50254e-14  1.50758e-14
      2221.29 -8.66717e-15  8.95840e-15
      2223.95  3.26618e-15  1.35353e-14
      2226.62  1.40948e-14  1.17418e-14
      2229.28 -2.54815e-14  2.20866e-14
      2231.94 -8.10097e-15  1.83414e-14
      2234.61 -7.20826e-15  1.36607e-14
      2237.27  1.56012e-14  1.38818e-14
      2239.93  1.08677e-14  1.57020e-14
      2242.59 -7.00605e-15  1.16874e-14
      2245.26  8.07047e-16  1.22032e-14
      2247.92 -3.00998e-15  1.83648e-14
      2250.58  1.12152e-14  1.08568e-14
      2253.24  2.80148e-14  1.73370e-14
      2255.91 -7.76392e-15  1.52232e-14
      2258.57  1.69201e-14  9.02980e-15
      2261.23 -1.25207e-15  1.40889e-14
      2263.90 -1.65701e-14  7.61889e-15
      2266.56  1.06761e-14  1.28533e-14
      2269.22  8.11243e-15  7.58368e-15
      2271.88  3.17261e-15  1.41052e-14
      2274.55 -4.04859e-15  1.11488e-14
      2277.21  5.22103e-15  1.01472e-14
      2279.87  4.97706e-15  1.44387e-14
      2282.53  2.28250e-14  1.56419e-14
      2285.20 -1.03921e-14  8.04304e-15
      2287.86  5.88216e-15  6.58070e-15
      2290.52  1.19894e-14  1.18390e-14
      2293.18 -1.31671e-14  1.84304e-14
      2295.85 -2.75591e-14  1.53436e-14
      2298.51  2.73778e-14  1.46953e-14
      2301.17 -2.63849e-16  9.35718e-15
      2303.83  1.36851e-15  6.09594e-15
      2306.50  1.57349e-14  1.09740e-14
      2309.16  5.75128e-15  7.95183e-15
      2311.82  1.11501e-14  9.80665e-15
      2314.49 -1.57565e-14  9.42118e-15
      2317.15  1.95489e-14  1.19352e-14
      2319.81  1.84075e-14  1.23356e-14
      2322.47  4.29465e-15  5.13585e-15
      2325.14  1.35512e-14  5.86205e-15
      2327.80 -1.10262e-15  5.86122e-15
      2330.46  1.46168e-14  1.22702e-14
      2333.12 -1.52980e-15  8.72413e-15
      2335.79 -2.14951e-14  1.18416e-14
      2338.45  2.13507e-14  1.05370e-14
      2341.11  1.42001e-14  1.32622e-14
      2343.77  7.11510e-15  8.67955e-15
      2346.44  1.53025e-14  7.22578e-15
      2349.10  5.59929e-15  7.84587e-15
      2351.76  3.25638e-14  5.93282e-15
      2354.43 -2.72271e-15  7.73768e-15
      2357.09  6.78328e-15  1.00479e-14
      2359.75  1.47286e-14  1.18652e-14
      2362.41  1.92247e-14  1.13516e-14
      2365.08  9.43998e-15  7.08375e-15
      2367.74  9.27006e-15  5.62541e-15
      2370.40  1.51404e-15  7.49129e-15
      2373.06  1.18233e-14  9.33136e-15
      2375.73  7.38391e-15  8.64770e-15
      2378.39  6.17122e-15  8.78538e-15
      2381.05  1.43314e-14  3.84542e-15
      2383.71  2.73874e-15  4.58653e-15
      2386.38 -4.62932e-15  7.50226e-15
      2389.04  7.97394e-15  7.45890e-15
      2391.70 -1.06744e-14  6.66594e-15
      2394.37  1.36447e-14  9.02878e-15
      2397.03  8.15208e-15  5.67356e-15
      2399.69  9.14406e-15  6.74175e-15
      2402.35  2.86107e-16  6.51147e-15
      2405.02  8.78715e-15  5.45728e-15
      2407.68  1.24249e-15  6.39911e-15
      2410.34  1.09962e-14  4.91153e-15
      2413.00  8.97166e-15  4.46262e-15
      2415.67  8.43297e-16  3.92574e-15
      2418.33  4.81173e-15  5.84942e-15
      2420.99 -3.18567e-15  8.24128e-15
      2423.66  1.45878e-14  3.58459e-15
      2426.32  1.09537e-14  7.21727e-15
      2428.98  3.19545e-15  3.36735e-15
      2431.64  1.23494e-14  6.15403e-15
      2434.31  1.90324e-14  6.60712e-15
      2436.97  1.19972e-14  5.40111e-15
      2439.63 -7.71926e-16  2.61053e-15
      2442.29  1.32283e-14  6.50544e-15
      2444.96  2.45316e-15  5.42257e-15
      2447.62  4.01870e-15  5.16298e-15
      2450.28  7.10720e-15  6.51057e-15
      2452.94  9.84515e-15  6.35045e-15
      2455.61 -8.23558e-16  4.22175e-15
      2458.27  3.19768e-15  5.99852e-15
      2460.93  1.23492e-14  4.23943e-15
      2463.59  2.22703e-15  2.56904e-15
      2466.26  5.95622e-15  4.16259e-15
      2468.92  1.12347e-15  4.10514e-15
      2471.58  1.18982e-14  2.88337e-15
      2474.25  1.76542e-14  5.76446e-15
      2476.91 -7.03402e-15  5.83341e-15
      2479.57  5.92114e-15  4.10845e-15
      2482.23  1.02165e-14  2.63682e-15
      2484.90 -1.59813e-16  3.78482e-15
      2487.56  1.74569e-15  4.15577e-15
      2490.22  1.28359e-14  5.26520e-15
      2492.88  1.02400e-14  4.52161e-15
      2495.55 -6.72657e-15  4.85321e-15
      2498.21  2.63490e-15  2.67200e-15
      2500.87  3.83123e-15  3.84426e-15
      2503.54  6.09006e-15  3.21125e-15
      2506.20  7.89550e-15  4.72621e-15
      2508.86  4.31955e-15  4.26979e-15
      2511.52  9.71658e-15  3.46313e-15
      2514.19  3.74255e-15  2.00948e-15
      2516.85  1.03557e-14  4.47106e-15
      2519.51  8.29426e-15  4.29082e-15
      2522.17  1.02765e-14  4.00495e-15
      2524.84  1.05033e-14  3.62661e-15
      2527.50  3.02306e-15  2.92727e-15
      2530.16  7.62849e-15  3.60213e-15
      2532.82  7.27064e-15  2.65523e-15
      2535.49  9.45667e-15  3.05284e-15
      2538.15  1.83635e-14  3.45616e-15
      2540.81  4.02208e-15  3.53934e-15
      2543.48  1.99721e-14  4.00386e-15
      2546.14  1.07756e-14  4.41642e-15
      2548.80  1.44879e-14  3.88395e-15
      2551.46  2.06001e-14  4.97257e-15
      2554.13  1.64160e-14  2.64408e-15
      2556.79  1.16518e-14  1.73635e-15
      2559.45  2.06417e-14  2.08755e-15
      2562.11  2.10157e-14  2.91560e-15
      2564.78  1.50377e-14  3.92653e-15
      2567.44  1.66510e-14  3.35311e-15
      2570.10  1.18673e-14  2.46846e-15
      2572.76  1.28263e-14  2.80422e-15
      2575.43  2.16213e-14  3.41626e-15
      2578.09  2.34491e-14  3.18386e-15
      2580.75  2.66518e-14  4.71517e-15
      2583.42  1.21461e-14  5.14455e-15
      2586.08  1.88406e-14  4.11419e-15
      2588.74  6.82082e-15  2.97659e-15
      2591.40  8.95325e-15  1.57756e-15
      2594.07  9.08567e-15  1.65221e-15
      2596.73  1.29217e-14  3.72490e-15
      2599.39  9.84644e-15  4.69662e-15
      2602.05  9.64819e-15  3.31434e-15
      2604.72  8.48117e-15  2.95575e-15
      2607.38  1.38732e-14  3.76948e-15
      2610.04  1.13301e-14  2.68442e-15
      2612.70  1.31797e-14  3.24756e-15
      2615.37  1.38829e-14  3.74838e-15
      2618.03  1.47636e-14  3.42179e-15
      2620.69  1.46845e-14  3.41685e-15
      2623.35  1.03453e-14  2.05209e-15
      2626.02  1.30526e-14  1.59327e-15
      2628.68  9.72496e-15  2.21117e-15
      2631.34  1.03911e-14  2.74519e-15
      2634.01  1.00534e-14  1.97353e-15
      2636.67  9.78796e-15  2.54646e-15
      2639.33  8.89538e-15  2.80363e-15
      2641.99  6.39905e-15  3.40055e-15
      2644.66  4.29391e-15  1.34929e-15
      2647.32  5.34109e-15  2.18158e-15
      2649.98  8.62519e-15  1.35905e-15
      2652.64  1.16686e-14  2.12581e-15
      2655.31  8.14355e-15  1.72606e-15
      2657.97  7.20528e-15  1.27341e-15
      2660.63  1.11930e-14  1.69351e-15
      2663.30  8.13344e-15  1.60497e-15
      2665.96  1.05367e-14  1.92310e-15
      2668.62  1.05091e-14  1.41215e-15
      2671.28  7.73360e-15  1.40469e-15
      2673.95  6.86949e-15  1.33716e-15
      2676.61  8.81070e-15  1.33965e-15
      2679.27  7.04840e-15  1.87309e-15
      2681.93  8.81501e-15  1.55889e-15
      2684.60  9.91412e-15  1.39234e-15
      2687.26  7.96910e-15  1.28520e-15
      2689.92  8.19295e-15  1.82461e-15
      2692.58  1.24795e-14  1.54329e-15
      2695.25  1.39809e-14  1.52616e-15
      2697.91  1.60255e-14  1.61780e-15
      2700.57  1.44969e-14  1.58725e-15
      2703.24  1.65699e-14  1.64919e-15
      2705.90  1.38802e-14  1.52097e-15
      2708.56  1.46786e-14  1.56118e-15
      2711.22  1.65375e-14  1.66502e-15
      2713.89  1.78126e-14  1.83146e-15
      2716.55  2.05987e-14  1.79571e-15
      2719.21  2.06914e-14  1.90158e-15
      2721.87  2.02620e-14  1.80826e-15
      2724.54  1.83185e-14  1.72611e-15
      2727.20  2.33031e-14  2.23733e-15
      2729.86  1.97682e-14  1.75559e-15
      2732.52  1.75229e-14  1.64456e-15
      2735.19  1.97503e-14  1.71936e-15
      2737.85  2.27113e-14  1.99395e-15
      2740.51  2.20417e-14  2.82121e-15
      2743.18  2.02783e-14  2.45983e-15
      2745.84  2.36639e-14  1.90783e-15
      2748.50  2.44148e-14  1.92250e-15
      2751.16  2.48423e-14  1.94344e-15
      2753.83  2.32183e-14  1.86412e-15
      2756.49  2.43548e-14  2.07143e-15
      2759.15  3.09182e-14  2.58325e-15
      2761.81  2.80884e-14  2.03952e-15
      2764.48  2.28848e-14  1.83986e-15
      2767.14  2.48371e-14  1.92374e-15
      2769.80  2.35287e-14  1.87905e-15
      2772.46  2.22828e-14  1.78861e-15
      2775.13  2.41423e-14  1.89978e-15
      2777.79  2.69016e-14  2.00299e-15
      2780.45  3.01965e-14  2.21403e-15
      2783.12  3.26341e-14  2.21588e-15
      2785.78  3.08093e-14  2.18506e-15
      2788.44  2.56149e-14  2.00949e-15
      2791.10  2.53724e-14  1.93641e-15
      2793.77  2.34366e-14  1.86778e-15
      2796.43  1.91277e-14  1.74343e-15
      2799.09  1.52680e-14  1.59459e-15
      2801.75  1.30191e-14  1.55966e-15
      2804.42  1.57412e-14  1.61582e-15
      2807.08  1.58962e-14  1.62890e-15
      2809.74  2.33325e-14  1.89498e-15
      2812.40  2.82984e-14  2.07960e-15
      2815.07  3.15868e-14  2.19836e-15
      2817.73  3.16784e-14  2.21170e-15
      2820.39  3.17810e-14  2.21831e-15
      2823.06  3.15403e-14  2.20175e-15
      2825.72  2.95742e-14  2.10585e-15
      2828.38  2.86614e-14  2.06544e-15
      2831.04  3.10965e-14  2.15838e-15
      2833.71  3.16624e-14  2.19669e-15
      2836.37  2.95200e-14  2.09996e-15
      2839.03  3.02713e-14  2.11638e-15
      2841.69  2.72557e-14  2.04823e-15
      2844.36  2.89019e-14  2.10479e-15
      2847.02  2.87945e-14  2.10632e-15
      2849.68  2.92830e-14  2.44218e-15
      2852.34  2.60725e-14  1.95114e-15
      2855.01  2.55550e-14  2.02010e-15
      2857.67  2.76820e-14  2.09009e-15
      2860.33  2.85367e-14  2.10329e-15
      2863.00  2.87312e-14  2.10843e-15
      2865.66  3.03463e-14  2.16456e-15
      2868.32  3.53925e-14  2.32467e-15
      2870.98  2.98905e-14  2.14334e-15
      2873.65  3.10067e-14  2.19657e-15
      2876.31  3.78866e-14  2.34625e-15
      2878.97  3.81376e-14  2.35774e-15
      2881.63  3.98428e-14  2.44094e-15
      2884.30  4.23315e-14  2.52254e-15
      2886.96  4.17739e-14  2.51012e-15
      2889.62  3.70486e-14  2.37327e-15
      2892.28  3.99219e-14  2.43267e-15
      2894.95  3.66523e-14  2.35067e-15
      2897.61  3.97658e-14  2.42203e-15
      2900.27  4.35511e-14  2.56056e-15
      2902.94  4.67827e-14  2.64693e-15
      2905.60  5.00531e-14  2.68278e-15
      2908.26  5.03071e-14  2.66818e-15
      2910.92  5.02396e-14  2.70141e-15
      2913.59  4.56173e-14  2.60585e-15
      2916.25  5.17319e-14  2.78326e-15
      2918.91  4.96812e-14  2.73649e-15
      2921.57  4.98568e-14  2.73505e-15
      2924.24  5.53370e-14  2.86028e-15
      2926.90  5.21703e-14  2.78875e-15
      2929.56  6.02251e-14  2.98178e-15
      2932.22  5.96110e-14  2.96634e-15
      2934.89  6.04093e-14  2.99172e-15
      2937.55  6.29080e-14  3.07373e-15
      2940.21  6.40301e-14  3.08967e-15
      2942.88  5.84102e-14  2.97824e-15
      2945.54  5.80407e-14  2.99945e-15
      2948.20  5.91915e-14  3.01126e-15
      2950.86  5.52151e-14  2.85507e-15
      2953.53  5.55247e-14  2.86244e-15
      2956.19  6.09596e-14  3.02986e-15
      2958.85  6.62782e-14  3.14336e-15
      2961.51  7.15134e-14  3.27837e-15
      2964.18  6.71633e-14  3.20600e-15
      2966.84  6.72527e-14  3.21295e-15
      2969.50  7.65696e-14  3.42519e-15
      2972.16  6.62801e-14  3.22038e-15
      2974.83  7.29434e-14  3.37020e-15
      2977.49  7.31538e-14  3.40887e-15
      2980.15  7.40136e-14  3.60024e-15
      2982.82  8.00004e-14  3.73073e-15
      2985.48  6.32019e-14  3.24025e-15
      2988.14  6.41816e-14  3.27687e-15
      2990.80  6.56169e-14  3.36750e-15
      2993.47  5.64349e-14  3.17033e-15
      2996.13  6.23442e-14  3.52962e-15
      2998.79  6.89418e-14  3.69469e-15
      3001.45  5.87554e-14  3.27324e-15
      3004.12  5.98722e-14  3.30736e-15
      3006.78  6.16013e-14  3.29803e-15
      3009.44  5.70159e-14  3.20384e-15
      3012.10  5.27342e-14  3.14853e-15
      3014.77  5.13413e-14  3.13378e-15
      3017.43  6.24226e-14  3.45204e-15
      3020.09  6.06633e-14  3.45632e-15
      3022.76  5.67999e-14  3.37550e-15
      3025.42  5.26067e-14  3.25191e-15
      3028.08  5.29133e-14  3.28664e-15
      3030.74  5.10086e-14  3.27555e-15
      3033.41  4.46388e-14  3.11681e-15
      3036.07  4.44855e-14  3.13495e-15
      3038.73  5.20743e-14  3.35202e-15
      3041.39  5.02936e-14  3.30692e-15
      3044.06  5.03790e-14  3.34980e-15
      3046.72  4.61196e-14  3.18250e-15
      3049.38  4.52950e-14  3.19307e-15
      3052.04  4.08754e-14  5.36860e-15
      3054.71  5.07116e-14  1.50467e-14
      3057.37  3.85538e-14  1.68135e-14
      3060.03  5.78345e-14  1.62162e-14
      3062.70  4.65868e-14  8.26553e-15
      3065.36  4.56398e-14  3.74020e-15
      3068.02  4.82208e-14  3.85750e-15
      3070.68  3.71380e-14  3.26363e-15
      3073.35  3.78191e-14  3.31184e-15
      3076.01  4.82643e-14  3.72600e-15
      3078.67  4.92345e-14  3.78813e-15
      3081.33  4.64198e-14  3.85912e-15
      3084.00  5.64243e-14  4.18999e-15
      3086.66  4.41818e-14  3.58628e-15
      3089.32  4.27875e-14  3.58691e-15
      3091.98  4.55402e-14  3.83162e-15
      3094.65  4.12430e-14  3.73891e-15
      3097.31  4.38027e-14  3.81670e-15
      3099.97  4.98606e-14  4.03911e-15
      3102.64  4.60609e-14  3.98512e-15
      3105.30  4.84770e-14  4.05712e-15
      3107.96  4.80962e-14  4.09052e-15
      3110.62  5.40183e-14  4.28855e-15
      3113.29  5.40794e-14  4.33435e-15
      3115.95  6.48576e-14  5.08455e-15
      3118.61  6.13826e-14  5.05264e-15
      3121.27  5.10165e-14  4.37112e-15
      3123.94  5.30889e-14  4.48304e-15
      3126.60  5.40187e-14  4.61973e-15
      3129.26  4.90802e-14  4.48953e-15
      3131.92  4.88885e-14  4.55664e-15
      3134.59  6.07755e-14  4.95237e-15
      3137.25  7.09622e-14  5.34912e-15
      3139.91  7.39453e-14  5.43751e-15
      3142.58  6.05895e-14  4.83668e-15
      3145.24  5.62761e-14  4.80513e-15
      3147.90  6.24463e-14  5.00660e-15
      3150.56  6.31325e-14  5.16059e-15
      3153.23  6.28209e-14  5.18629e-15
      3155.89  6.40834e-14  5.04871e-15
      3158.55  5.92921e-14  4.92409e-15
      3161.21  5.96372e-14  5.02035e-15
      3163.88  6.85695e-14  5.30182e-15
      3166.54  8.21481e-14  6.39683e-15
      3169.20  7.58780e-14  6.22669e-15
      3171.86  7.20049e-14  5.91093e-15
      3174.53  6.84795e-14  5.83129e-15
      3177.19  6.92464e-14  5.61593e-15
      3179.85  7.60032e-14  5.84138e-15
      3182.52  7.65041e-14  5.82591e-15
      3185.18  6.56123e-14  7.45774e-15
      3187.84  6.60127e-14  5.28498e-15
      3190.50  6.61941e-14  5.58605e-15
      3193.17  5.75266e-14  5.33415e-15
      3195.83  6.23150e-14  5.35370e-15
      3198.49  6.82331e-14  5.56704e-15
      3201.15  7.73667e-14  6.21845e-15
      3203.82  8.28145e-14  6.43570e-15
      3206.48  7.36530e-14  5.96527e-15
      3209.14  6.76800e-14  5.81398e-15
      3211.80  6.84372e-14  5.90504e-15
      3214.47  7.15515e-14  6.07353e-15
      3217.13  6.90737e-14  6.15057e-15
      3219.79  7.04617e-14  6.17254e-15
      3222.46  7.13296e-14  6.45698e-15
      3225.12  8.12976e-14  6.93902e-15
      3227.78  7.62413e-14  8.95879e-15
      3230.44  7.51473e-14  6.48391e-15
      3233.11  8.51729e-14  7.08266e-15
      3235.77  7.24961e-14  6.17368e-15
      3238.43  7.85316e-14  6.41432e-15
      3241.09  7.01289e-14  6.16261e-15
      3243.76  6.75016e-14  5.96629e-15
      3246.42  7.41007e-14  6.92745e-15
      3249.08  8.55763e-14  7.33963e-15
      3251.74  7.86202e-14  5.92415e-15
      3254.41  7.15245e-14  5.67103e-15
      3257.07  7.35255e-14  7.26141e-15
      3259.73  7.06048e-14  5.92493e-15
      3262.40  8.83502e-14  6.80108e-15
      3265.06  7.43959e-14  5.87388e-15
      3267.72  6.09053e-14  5.39564e-15
      3270.38  6.11363e-14  5.33971e-15
      3273.05  5.83764e-14  5.30384e-15
      3275.71  6.10345e-14  4.99200e-15
      3278.37  6.74473e-14  5.14366e-15
      3281.03  6.43041e-14  5.47312e-15
      3283.70  6.83648e-14  5.61894e-15
      3286.36  7.28120e-14  5.71733e-15
      3289.02  5.37124e-14  5.87883e-15
      3291.68  5.45338e-14  5.26542e-15
      3294.35  6.40214e-14  5.47805e-15
      3297.01  8.01411e-14  7.30607e-15
      3299.67  6.44734e-14  6.45094e-15
      3302.34  6.95111e-14  6.77759e-15
      3305.00  4.66637e-14  9.26705e-15
      3307.66  5.79804e-14  7.31511e-15
      3310.32  7.48469e-14  7.94843e-15
      3312.99  6.52754e-14  8.57506e-15
      3315.65  4.70732e-14  7.99908e-15
      3318.31  5.64872e-14  8.32319e-15
      3320.97  6.92351e-14  9.46784e-15
      3323.64  6.12639e-14  9.85836e-15
      3326.30  4.51838e-14  1.06600e-14
      3328.96  7.98192e-14  1.02461e-14
      3331.62  8.60264e-14  1.10944e-14
      3334.29  6.91743e-14  1.15508e-14
      3336.95  6.04487e-14  1.12137e-14
      3339.61  3.81606e-14  1.19372e-14
      3342.28  8.53279e-14  1.39586e-14
      3344.94  9.55420e-14  1.45199e-14
      3347.60  1.12432e-13  1.56997e-14
