      1851.42  8.05846e-14  3.74621e-14
      1854.09  9.71210e-15  4.01550e-14
      1856.76  2.85368e-14  3.34983e-14
      1859.42  2.63667e-14  3.30270e-14
      1862.09  2.24393e-14  2.92095e-14
      1864.76  3.47034e-14  2.94606e-14
      1867.43  3.36014e-14  2.59315e-14
      1870.10  2.83686e-14  3.84448e-14
      1872.77 -1.04289e-14  2.20229e-14
      1875.44  2.30421e-15  2.01413e-14
      1878.11  1.38447e-14  1.88263e-14
      1880.78  1.52340e-14  1.77587e-14
      1883.44  4.25230e-16  1.66635e-14
      1886.11  7.48239e-15  1.86394e-14
      1888.78 -1.26002e-14  1.54446e-14
      1891.45 -3.90135e-15  1.53842e-14
      1894.12  2.21832e-14  1.49561e-14
      1896.79 -6.81950e-15  1.36721e-14
      1899.46  3.09430e-14  1.41289e-14
      1902.13  1.44738e-14  1.31456e-14
      1904.80 -7.02575e-15  1.24647e-14
      1907.46  1.37856e-14  1.53499e-14
      1910.13 -1.77407e-15  1.21677e-14
      1912.80  1.02464e-14  1.19982e-14
      1915.47  5.73114e-15  1.28241e-14
      1918.14  2.29851e-14  1.16480e-14
      1920.81  7.50256e-15  1.05046e-14
      1923.48  8.69717e-15  1.02555e-14
      1926.15  1.34581e-14  1.35878e-14
      1928.82  6.38249e-15  1.02115e-14
      1931.48  1.19299e-14  9.76000e-15
      1934.15  5.94626e-15  9.27614e-15
      1936.82  3.03915e-14  1.21937e-14
      1939.49  8.26482e-15  8.51793e-15
      1942.16  4.24910e-15  9.07461e-15
      1944.83  2.72431e-14  1.45179e-14
      1947.50  2.39199e-14  1.12420e-14
      1950.17  1.69926e-14  8.10555e-15
      1952.84 -1.22401e-15  7.50224e-15
      1955.50  5.85600e-15  7.46353e-15
      1958.17  2.77298e-17  7.17750e-15
      1960.84 -2.55971e-15  7.02832e-15
      1963.51  3.61297e-15  6.95581e-15
      1966.18  3.49511e-16  7.76303e-15
      1968.85  9.32035e-15  7.67876e-15
      1971.52  8.68129e-15  6.70025e-15
      1974.19  1.18826e-14  6.64542e-15
      1976.86  1.43963e-15  8.68600e-15
      1979.52  1.69585e-14  1.06650e-14
      1982.19  1.93438e-14  6.70251e-15
      1984.86  9.44487e-15  8.67154e-15
      1987.53  1.62537e-14  7.00539e-15
      1990.20  6.37348e-15  6.18544e-15
      1992.87  3.56270e-15  7.23230e-15
      1995.54  2.04774e-14  6.51263e-15
      1998.21  8.77583e-15  7.11246e-15
      2000.88  2.75658e-14  6.55982e-15
      2003.54 -4.69159e-15  5.77735e-15
      2006.21  7.37304e-15  6.00801e-15
      2008.88  8.15612e-15  5.98677e-15
      2011.55 -8.16041e-15  5.75335e-15
      2014.22  1.32357e-14  6.39427e-15
      2016.89  1.85515e-14  8.90054e-15
      2019.56  1.12348e-14  6.27793e-15
      2022.23  1.55414e-14  6.43206e-15
      2024.90  6.05632e-16  5.51815e-15
      2027.56  1.23351e-14  5.72341e-15
      2030.23 -1.06286e-15  5.20154e-15
      2032.90  2.53559e-14  6.52778e-15
      2035.57  1.26080e-14  5.68640e-15
      2038.24  3.02801e-15  5.41652e-15
      2040.91  1.45864e-14  5.67392e-15
      2043.58  1.34500e-14  5.67333e-15
      2046.25  1.64487e-14  6.34974e-15
      2048.92 -6.72909e-17  5.58643e-15
      2051.58 -2.85930e-15  5.70682e-15
      2054.25  2.78605e-14  6.83419e-15
      2056.92  2.22804e-14  8.36724e-15
      2059.59  1.82816e-14  8.06332e-15
      2062.26  2.75534e-15  5.39084e-15
      2064.93  2.85820e-15  5.32231e-15
      2067.60  7.20143e-15  5.34316e-15
      2070.27  7.20470e-15  5.24836e-15
      2072.94  2.03015e-14  5.70154e-15
      2075.60  2.22612e-14  6.40168e-15
      2078.27  1.41123e-14  8.87588e-15
      2080.94  2.52677e-15  5.16528e-15
      2083.61  3.36876e-16  5.16263e-15
      2086.28  5.69746e-15  7.73427e-15
      2088.95  7.46540e-15  5.25952e-15
      2091.62  1.65983e-14  5.74626e-15
      2094.29  5.92343e-15  5.47029e-15
      2096.96  1.16318e-14  5.49180e-15
      2099.62  1.38698e-14  5.72390e-15
      2102.29  8.71577e-15  5.60442e-15
      2104.96  1.18848e-14  6.64073e-15
      2107.63  2.04010e-14  6.15655e-15
      2110.30  3.70636e-15  5.56346e-15
      2112.97  2.19335e-14  8.67598e-15
      2115.64 -7.33633e-15  5.46212e-15
      2118.31 -2.68380e-16  5.85885e-15
      2120.98  2.85007e-15  5.18953e-15
      2123.65  2.67142e-14  5.93265e-15
      2126.31  1.58370e-14  8.97402e-15
      2128.98  1.08813e-14  5.86186e-15
      2131.65  7.46691e-15  5.75397e-15
      2134.32  1.67755e-14  5.71687e-15
      2136.99  1.50458e-15  5.41402e-15
      2139.66  4.62772e-15  5.73265e-15
      2142.33  4.55844e-15  5.38461e-15
      2145.00  1.55368e-14  5.79279e-15
      2147.67  3.54043e-15  5.50756e-15
      2150.33  7.89424e-15  6.55402e-15
      2153.00  1.12196e-14  5.73729e-15
      2155.67 -5.35817e-16  5.55440e-15
      2158.34  5.92888e-15  5.68077e-15
      2161.01  2.08239e-14  6.02427e-15
      2163.68 -2.10656e-15  5.37428e-15
      2166.35  4.14528e-15  5.57321e-15
      2169.02  3.33298e-15  5.49656e-15
      2171.69  1.26042e-14  5.75057e-15
      2174.35 -1.61024e-15  5.43051e-15
      2177.02 -6.10252e-15  5.90586e-15
      2179.69  6.92674e-16  5.72596e-15
      2182.36  1.05061e-14  6.23788e-15
      2185.03  5.51392e-15  5.60411e-15
      2187.70 -4.41037e-15  5.53127e-15
      2190.37  9.91121e-15  6.72111e-15
      2193.04  2.73729e-15  8.40802e-15
      2195.71 -7.73301e-15  6.67107e-15
      2198.37  3.32978e-17  9.22807e-15
      2201.04  5.45529e-15  6.98274e-15
      2203.71  1.90453e-14  6.05997e-15
      2206.38  1.43322e-14  5.60525e-15
      2209.05  1.64979e-14  9.40100e-15
      2211.72  2.18041e-15  5.18573e-15
      2214.39  2.41075e-15  5.27363e-15
      2217.06  7.59283e-15  5.58339e-15
      2219.73  2.39856e-15  5.47780e-15
      2222.39  4.56137e-15  5.53964e-15
      2225.06  2.00050e-14  5.98251e-15
      2227.73  9.17676e-16  5.36927e-15
      2230.40  3.61089e-15  5.50432e-15
      2233.07  8.13526e-15  5.46311e-15
      2235.74 -1.68702e-15  5.14332e-15
      2238.41  1.76809e-14  5.58728e-15
      2241.08  2.05366e-15  5.09325e-15
      2243.75 -8.21561e-17  5.00589e-15
      2246.41 -1.08016e-15  5.97275e-15
      2249.08  3.48608e-15  4.86963e-15
      2251.75  4.18855e-15  4.82594e-15
      2254.42  4.27166e-16  6.94428e-15
      2257.09  1.13358e-14  5.67073e-15
      2259.76 -8.71316e-15  4.67812e-15
      2262.43  9.34074e-15  6.15659e-15
      2265.10  8.92275e-15  4.84036e-15
      2267.77  7.11862e-15  4.76656e-15
      2270.43  5.46387e-15  4.58576e-15
      2273.10  1.38625e-14  4.78429e-15
      2275.77  1.02271e-14  7.46879e-15
      2278.44  4.53560e-15  4.47632e-15
      2281.11 -1.26286e-15  4.45509e-15
      2283.78 -6.19248e-16  4.39268e-15
      2286.45  6.71654e-15  4.16765e-15
      2289.12  2.85369e-15  4.06735e-15
      2291.79  4.53412e-15  4.25160e-15
      2294.45  7.80065e-15  4.35620e-15
      2297.12 -1.09094e-15  4.20116e-15
      2299.79  3.80545e-15  4.41114e-15
      2302.46  1.54174e-14  4.55030e-15
      2305.13  6.78116e-15  4.26397e-15
      2307.80  1.13791e-14  4.33593e-15
      2310.47  1.22148e-14  4.24575e-15
      2313.14  1.35180e-14  4.70008e-15
      2315.81  1.14848e-14  4.18141e-15
      2318.47 -4.12799e-16  3.73566e-15
      2321.14  1.49724e-14  4.13355e-15
      2323.81  9.04908e-15  3.86304e-15
      2326.48  4.99233e-15  3.62074e-15
      2329.15  1.33835e-14  4.68369e-15
      2331.82  1.73571e-14  3.90527e-15
      2334.49  9.52930e-15  3.57246e-15
      2337.16  1.04444e-14  3.65839e-15
      2339.83  6.35719e-15  3.34688e-15
      2342.49  1.00651e-14  5.00879e-15
      2345.16  1.42583e-14  3.48199e-15
      2347.83  5.03746e-15  3.14024e-15
      2350.50  3.56063e-15  3.11874e-15
      2353.17  1.15063e-14  3.78162e-15
      2355.84  9.78227e-15  3.30608e-15
      2358.51  3.40269e-15  3.01948e-15
      2361.18  1.37219e-14  3.38779e-15
      2363.85  3.05187e-15  2.98240e-15
      2366.51  9.64368e-15  3.24230e-15
      2369.18  6.42213e-15  3.11461e-15
      2371.85  1.30593e-14  3.28328e-15
      2374.52  5.05846e-15  3.12725e-15
      2377.19  9.67389e-15  3.08663e-15
      2379.86  7.55174e-15  3.00706e-15
      2382.53  3.90336e-15  2.88388e-15
      2385.20  7.21161e-15  2.97811e-15
      2387.87  4.50296e-15  2.87140e-15
      2390.53  3.46079e-15  2.79933e-15
      2393.20  9.98935e-15  2.99443e-15
      2395.87  4.59693e-15  3.07175e-15
      2398.54  1.07697e-14  2.89187e-15
      2401.21  1.20035e-14  4.54200e-15
      2403.88  1.15794e-14  6.14490e-15
      2406.55  7.62005e-15  3.15293e-15
      2409.22  4.83676e-15  2.63131e-15
      2411.89  1.44572e-14  4.33725e-15
      2414.55  7.39155e-15  2.64951e-15
      2417.22  8.43880e-15  2.73205e-15
      2419.89  3.01292e-15  2.50262e-15
      2422.56  9.39856e-15  2.72167e-15
      2425.23  9.45691e-15  2.63371e-15
      2427.90  1.10006e-14  2.63604e-15
      2430.57  1.44869e-14  4.28844e-15
      2433.24  1.49733e-14  2.86899e-15
      2435.91  1.80457e-15  2.29194e-15
      2438.57  1.25876e-14  2.68035e-15
      2441.24  8.73092e-15  2.39880e-15
      2443.91  7.73518e-15  2.33372e-15
      2446.58  8.51465e-15  3.75229e-15
      2449.25  7.12836e-15  3.27811e-15
      2451.92  1.05652e-14  2.57810e-15
      2454.59  8.41992e-15  2.70749e-15
      2457.26  5.33187e-15  2.08416e-15
      2459.93  8.03487e-15  2.21474e-15
      2462.59  3.84621e-15  1.96616e-15
      2465.26  5.28344e-15  2.02829e-15
      2467.93  7.40288e-15  2.77644e-15
      2470.60  8.73485e-15  2.17401e-15
      2473.27  3.69675e-15  1.94823e-15
      2475.94  8.94772e-15  2.11466e-15
      2478.61  7.41585e-15  2.32007e-15
      2481.28  9.69996e-15  2.15403e-15
      2483.95  6.30798e-15  2.03058e-15
      2486.61  6.02031e-15  2.05637e-15
      2489.28  2.47152e-15  1.81430e-15
      2491.95  8.01538e-15  2.17223e-15
      2494.62  7.78727e-15  2.16040e-15
      2497.29  1.26744e-14  2.27019e-15
      2499.96  6.37978e-15  2.00767e-15
      2502.63  6.50092e-15  1.96073e-15
      2505.30  6.56435e-15  1.97648e-15
      2507.97  1.17896e-14  2.20554e-15
      2510.63  1.05376e-14  2.09384e-15
      2513.30  1.04011e-14  2.04391e-15
      2515.97  1.32689e-14  2.77395e-15
      2518.64  1.11105e-14  3.38274e-15
      2521.31  1.53743e-14  2.70058e-15
      2523.98  1.29539e-14  2.15709e-15
      2526.65  1.37051e-14  2.16530e-15
      2529.32  1.20585e-14  2.07966e-15
      2531.99  1.41981e-14  2.18998e-15
      2534.65  1.21456e-14  2.05009e-15
      2537.32  1.65842e-14  2.31194e-15
      2539.99  2.12542e-14  2.73829e-15
      2542.66  1.37298e-14  2.09814e-15
      2545.33  1.62477e-14  2.19402e-15
      2548.00  1.83485e-14  2.38373e-15
      2550.67  1.69397e-14  2.25158e-15
      2553.34  9.62917e-15  1.81756e-15
      2556.01  1.79432e-14  2.24222e-15
      2558.67  1.62325e-14  2.57258e-15
      2561.34  1.57148e-14  2.06658e-15
      2564.01  1.55068e-14  1.98590e-15
      2566.68  1.81163e-14  2.19702e-15
      2569.35  1.62226e-14  2.06208e-15
      2572.02  1.53597e-14  2.00482e-15
      2574.69  1.15157e-14  1.82772e-15
      2577.36  1.70147e-14  2.26273e-15
      2580.03  1.35407e-14  2.04159e-15
      2582.69  1.33912e-14  1.96673e-15
      2585.36  1.34097e-14  1.90970e-15
      2588.03  8.09657e-15  1.67504e-15
      2590.70  8.47071e-15  1.65705e-15
      2593.37  1.00531e-14  1.70150e-15
      2596.04  8.34179e-15  1.59893e-15
      2598.71  5.29992e-15  1.45480e-15
      2601.38  7.56014e-15  2.10785e-15
      2604.05  6.45911e-15  1.51503e-15
      2606.71  8.92050e-15  1.56001e-15
      2609.38  7.60341e-15  1.48643e-15
      2612.05  6.01416e-15  1.42720e-15
      2614.72  9.50530e-15  1.54977e-15
      2617.39  7.21212e-15  1.46567e-15
      2620.06  6.49387e-15  1.39279e-15
      2622.73  7.19250e-15  1.38013e-15
      2625.40  8.34396e-15  1.47161e-15
      2628.07  7.59551e-15  1.45832e-15
      2630.73  7.55109e-15  1.43910e-15
      2633.40  8.11809e-15  1.44722e-15
      2636.07  4.23254e-15  1.30709e-15
      2638.74  4.43324e-15  1.35100e-15
      2641.41  5.76277e-15  1.32888e-15
      2644.08  6.37632e-15  1.35455e-15
      2646.75  9.29200e-15  1.52423e-15
      2649.42  9.99659e-15  1.55135e-15
      2652.09  8.91032e-15  1.48696e-15
      2654.75  6.82184e-15  1.38329e-15
      2657.42  6.28731e-15  1.38452e-15
      2660.09  8.29193e-15  1.43799e-15
      2662.76  1.09143e-14  1.56643e-15
      2665.43  8.57642e-15  1.45354e-15
      2668.10  1.13049e-14  1.57600e-15
      2670.77  1.08759e-14  1.55184e-15
      2673.44  1.42983e-14  1.74214e-15
      2676.11  1.33960e-14  1.65626e-15
      2678.77  1.15941e-14  1.59503e-15
      2681.44  1.14245e-14  1.53741e-15
      2684.11  1.16436e-14  1.55947e-15
      2686.78  1.11623e-14  1.52273e-15
      2689.45  1.34519e-14  1.61517e-15
      2692.12  1.55308e-14  1.76379e-15
      2694.79  1.59388e-14  1.79749e-15
      2697.46  1.46635e-14  1.73782e-15
      2700.13  1.82401e-14  1.93053e-15
      2702.79  1.85352e-14  1.89840e-15
      2705.46  1.93004e-14  2.00931e-15
      2708.13  1.62759e-14  1.82393e-15
      2710.80  2.35200e-14  2.23175e-15
      2713.47  2.07927e-14  2.06928e-15
      2716.14  2.22383e-14  2.18480e-15
      2718.81  2.37929e-14  2.24718e-15
      2721.48  2.29096e-14  2.20135e-15
      2724.15  2.05546e-14  2.03232e-15
      2726.81  2.54380e-14  2.31317e-15
      2729.48  2.64124e-14  2.35028e-15
      2732.15  2.25154e-14  2.15882e-15
      2734.82  2.56153e-14  2.42254e-15
      2737.49  2.53484e-14  2.32289e-15
      2740.16  2.69743e-14  2.34856e-15
      2742.83  3.30538e-14  3.06574e-15
      2745.50  2.77677e-14  2.37431e-15
      2748.17  1.95930e-14  1.96728e-15
      2750.83  2.55383e-14  2.31338e-15
      2753.50  2.66040e-14  2.40898e-15
      2756.17  2.54535e-14  2.25487e-15
      2758.84  3.11403e-14  2.58073e-15
      2761.51  2.76334e-14  2.47800e-15
      2764.18  3.15020e-14  2.67848e-15
      2766.85  3.20532e-14  2.68190e-15
      2769.52  2.46068e-14  2.27668e-15
      2772.19  3.35119e-14  2.72733e-15
      2774.85  2.91012e-14  2.52880e-15
      2777.52  3.27069e-14  2.75145e-15
      2780.19  3.46397e-14  2.82458e-15
      2782.86  2.87709e-14  2.50502e-15
      2785.53  3.08225e-14  3.37595e-15
      2788.20  2.96748e-14  2.59376e-15
      2790.87  2.37390e-14  2.23804e-15
      2793.54  1.66593e-14  1.72887e-15
      2796.21  1.80746e-14  1.87090e-15
      2798.88  1.24601e-14  1.53163e-15
      2801.54  1.20591e-14  1.50044e-15
      2804.21  1.41355e-14  1.61559e-15
      2806.88  2.10628e-14  2.09862e-15
      2809.55  3.41390e-14  4.37391e-15
      2812.22  4.22265e-14  3.17856e-15
      2814.89  3.48963e-14  2.83538e-15
      2817.56  4.42112e-14  4.46569e-15
      2820.23  3.68997e-14  3.33279e-15
      2822.90  3.31172e-14  2.82505e-15
      2825.56  3.45348e-14  2.87297e-15
      2828.23  3.22980e-14  2.78355e-15
      2830.90  2.94142e-14  2.62405e-15
      2833.57  3.91348e-14  4.77997e-15
      2836.24  3.90724e-14  3.04790e-15
      2838.91  3.21967e-14  2.76190e-15
      2841.58  3.51288e-14  2.87058e-15
      2844.25  3.25651e-14  2.72264e-15
      2846.92  3.34248e-14  2.76902e-15
      2849.58  3.60702e-14  2.92603e-15
      2852.25  2.68526e-14  2.45260e-15
      2854.92  2.81644e-14  2.48539e-15
      2857.59  3.54610e-14  2.90142e-15
      2860.26  4.59434e-14  3.29369e-15
      2862.93  4.01115e-14  3.11774e-15
      2865.60  4.46237e-14  3.26219e-15
      2868.27  3.75655e-14  2.98366e-15
      2870.94  3.81717e-14  3.03822e-15
      2873.60  4.19291e-14  3.13044e-15
      2876.27  3.67189e-14  2.95769e-15
      2878.94  4.60757e-14  3.36165e-15
      2881.61  4.10039e-14  3.14995e-15
      2884.28  3.55679e-14  2.90480e-15
      2886.95  4.36110e-14  3.24322e-15
      2889.62  4.20527e-14  3.18538e-15
      2892.29  4.57501e-14  3.30130e-15
      2894.96  4.44808e-14  3.26783e-15
      2897.62  4.27715e-14  3.20364e-15
      2900.29  4.81600e-14  3.32593e-15
      2902.96  3.74978e-14  3.85655e-15
      2905.63  4.36897e-14  3.87280e-15
      2908.30  4.77083e-14  3.41196e-15
      2910.97  5.28810e-14  3.49823e-15
      2913.64  4.75775e-14  3.40657e-15
      2916.31  6.01082e-14  3.75915e-15
      2918.98  5.15513e-14  3.54784e-15
      2921.64  4.86512e-14  3.50239e-15
      2924.31  5.41281e-14  3.66795e-15
      2926.98  6.56016e-14  3.84284e-15
      2929.65  5.50470e-14  7.65286e-15
      2932.32  5.18277e-14  4.40122e-15
      2934.99  5.38580e-14  3.63046e-15
      2937.66  6.47923e-14  3.99494e-15
      2940.33  5.98087e-14  3.79565e-15
      2943.00  5.80122e-14  3.76063e-15
      2945.66  5.50933e-14  3.79819e-15
      2948.33  5.56061e-14  3.81070e-15
      2951.00  5.19101e-14  4.17892e-15
      2953.67  6.44008e-14  4.02320e-15
      2956.34  6.08408e-14  3.85078e-15
      2959.01  5.33822e-14  3.66575e-15
      2961.68  5.19256e-14  4.37055e-15
      2964.35  6.60278e-14  4.17937e-15
      2967.02  5.47343e-14  3.86532e-15
      2969.68  5.31973e-14  3.84636e-15
      2972.35  6.27465e-14  4.13663e-15
      2975.02  5.02166e-14  3.85918e-15
      2977.69  5.38608e-14  4.01152e-15
      2980.36  5.26113e-14  3.92673e-15
      2983.03  4.89172e-14  3.77111e-15
      2985.70  5.23796e-14  3.92793e-15
      2988.37  5.77936e-14  4.18432e-15
      2991.04  5.44784e-14  4.14106e-15
      2993.70  4.94557e-14  5.86774e-15
      2996.37  4.57300e-14  3.64149e-15
      2999.04  5.35797e-14  3.86451e-15
      3001.71  4.84179e-14  3.75052e-15
      3004.38  4.64173e-14  3.71282e-15
      3007.05  4.76779e-14  3.70123e-15
      3009.72  3.48447e-14  3.02635e-15
      3012.39  4.55899e-14  3.72707e-15
      3015.06  3.87242e-14  3.35538e-15
      3017.72  3.99170e-14  3.44474e-15
      3020.39  4.18336e-14  3.51439e-15
      3023.06  5.06956e-14  3.97625e-15
      3025.73  4.59265e-14  3.76333e-15
      3028.40  4.11881e-14  3.45770e-15
      3031.07  4.38476e-14  3.72863e-15
      3033.74  4.49266e-14  3.79243e-15
      3036.41  4.60771e-14  3.83208e-15
      3039.08  4.38526e-14  3.72852e-15
      3041.74  4.41146e-14  3.69276e-15
      3044.41  4.63130e-14  3.81758e-15
      3047.08  4.66513e-14  3.96360e-15
      3049.75  4.65742e-14  3.91399e-15
      3052.42  4.35904e-14  3.78780e-15
      3055.09  3.91716e-14  3.57720e-15
      3057.76  4.57165e-14  3.92823e-15
      3060.43  4.78698e-14  4.06818e-15
      3063.10  4.57999e-14  3.98452e-15
      3065.76  4.61026e-14  3.97499e-15
      3068.43  4.96118e-14  4.19059e-15
      3071.10  5.13427e-14  4.27687e-15
      3073.77  4.70567e-14  4.25228e-15
      3076.44  5.70053e-14  4.41583e-15
      3079.11  6.37839e-14  4.86030e-15
      3081.78  4.95844e-14  4.26684e-15
      3084.45  4.61062e-14  4.12602e-15
      3087.12  4.77152e-14  4.20121e-15
      3089.78  5.14150e-14  4.49833e-15
      3092.45  5.34005e-14  4.54399e-15
      3095.12  5.05196e-14  4.47165e-15
      3097.79  5.56859e-14  4.79944e-15
      3100.46  6.20680e-14  5.07427e-15
      3103.13  5.02863e-14  4.48171e-15
      3105.80  4.69526e-14  4.34663e-15
      3108.47  4.22181e-14  4.16732e-15
      3111.14  5.61762e-14  5.55394e-15
      3113.80  5.12633e-14  4.75072e-15
      3116.47  4.82502e-14  4.51992e-15
      3119.14  5.95684e-14  5.31549e-15
      3121.81  6.02013e-14  5.21558e-15
      3124.48  5.78681e-14  5.18998e-15
      3127.15  5.06685e-14  5.09534e-15
      3129.82  4.60615e-14  4.69101e-15
      3132.49  5.74961e-14  5.37357e-15
      3135.16  5.00995e-14  4.97030e-15
      3137.82  5.24366e-14  5.13022e-15
      3140.49  4.06781e-14  4.66029e-15
      3143.16  4.71859e-14  5.05641e-15
      3145.83  5.38757e-14  5.58669e-15
      3148.50  4.65333e-14  5.06795e-15
      3151.17  5.87632e-14  8.00459e-15
      3153.84  5.03244e-14  5.33873e-15
      3156.51  5.72780e-14  5.73737e-15
      3159.18  5.07696e-14  5.49267e-15
      3161.84  5.58807e-14  5.67736e-15
      3164.51  5.10239e-14  5.52839e-15
      3167.18  5.44135e-14  5.61581e-15
      3169.85  5.85042e-14  6.25480e-15
      3172.52  4.23505e-14  5.27747e-15
      3175.19  5.92378e-14  6.33554e-15
      3177.86  5.41380e-14  6.16699e-15
      3180.53  4.57226e-14  7.03608e-15
      3183.20  5.00873e-14  6.28992e-15
      3185.86  5.44149e-14  6.19141e-15
      3188.53  5.01403e-14  6.92136e-15
      3191.20  7.25644e-14  7.16064e-15
      3193.87  6.89652e-14  7.36268e-15
      3196.54  6.53314e-14  7.36025e-15
      3199.21  6.03132e-14  7.25872e-15
      3201.88  5.56382e-14  6.88710e-15
      3204.55  6.15557e-14  7.24996e-15
      3207.22  4.94690e-14  7.13344e-15
      3209.88  4.12003e-14  7.15380e-15
      3212.55  5.37654e-14  8.03410e-15
      3215.22  5.11002e-14  8.25713e-15
      3217.89  6.30494e-14  8.89169e-15
      3220.56  5.36796e-14  7.73674e-15
      3223.23  6.16095e-14  9.09084e-15
      3225.90  7.35750e-14  9.15246e-15
      3228.57  4.70437e-14  8.09487e-15
      3231.24  6.14646e-14  8.92289e-15
      3233.90  5.39142e-14  8.70195e-15
      3236.57  7.50490e-14  1.01446e-14
      3239.24  5.37656e-14  9.59285e-15
      3241.91  5.41774e-14  1.01157e-14
      3244.58  3.80842e-14  9.70210e-15
      3247.25  5.67953e-14  1.13770e-14
      3249.92  1.01422e-13  1.35002e-14
      3252.59  6.29589e-14  1.09278e-14
      3255.26  5.22760e-14  1.07068e-14
      3257.92  3.81941e-14  1.04887e-14
      3260.59  4.24464e-14  1.22735e-14
      3263.26  4.79912e-14  1.20259e-14
      3265.93  9.41316e-14  1.45529e-14
      3268.60  5.92104e-14  1.50015e-14
      3271.27  6.08874e-14  1.24833e-14
      3273.94  5.17369e-14  1.53239e-14
      3276.61  6.25401e-14  1.57658e-14
      3279.28  6.93162e-14  1.59130e-14
      3281.94  3.94220e-14  1.38969e-14
      3284.61  5.18804e-14  1.45727e-14
      3287.28  4.89556e-14  1.41611e-14
      3289.95  4.24061e-14  1.27344e-14
      3292.62  2.89512e-14  1.35426e-14
      3295.29  4.50947e-14  1.62472e-14
      3297.96  6.35876e-14  1.73626e-14
      3300.63  4.50990e-14  1.82299e-14
      3303.30  2.38254e-14  1.92251e-14
      3305.96  1.22520e-13  3.20438e-14
      3308.63  7.38565e-14  3.79930e-14
      3311.30  6.47433e-14  4.28016e-14
      3313.97  1.02316e-13  2.73442e-14
      3316.64  9.88625e-14  2.74344e-14
      3319.31  1.08937e-13  2.86155e-14
      3321.98  6.70059e-14  2.35373e-14
      3324.65  9.10595e-14  2.55368e-14
      3327.32  7.20924e-14  2.26856e-14
      3329.98  8.97738e-14  2.34976e-14
      3332.65  7.28005e-14  3.36602e-14
      3335.32  8.02797e-14  3.25533e-14
      3337.99  7.48267e-14  3.33878e-14
      3340.66  4.11688e-16  4.26908e-14
      3343.33  1.54814e-13  4.76727e-14
      3346.00  9.75097e-14  3.94867e-14
      3348.67  4.56192e-14  3.92322e-14
