      1851.42  6.80537e-14  1.66477e-13
      1854.09  3.61136e-15  1.14915e-13
      1856.76  2.14671e-13  6.68931e-14
      1859.42 -1.53361e-13  1.02514e-13
      1862.09 -3.22470e-13  1.07334e-13
      1864.76  1.07610e-13  7.05772e-14
      1867.43 -6.41450e-14  8.37052e-14
      1870.10 -3.04043e-14  5.07619e-14
      1872.77 -2.04324e-14  6.53028e-14
      1875.44  3.78919e-14  6.40498e-14
      1878.11  6.09218e-14  6.78670e-14
      1880.78  8.73683e-14  7.98566e-14
      1883.44  9.18269e-14  6.24321e-14
      1886.11  8.11163e-14  5.25819e-14
      1888.78  7.80249e-17  6.13144e-14
      1891.45 -2.57373e-14  4.73298e-14
      1894.12  2.77520e-14  4.00964e-14
      1896.79 -4.92681e-15  2.34436e-14
      1899.46  7.35944e-15  4.18824e-14
      1902.13  2.04418e-14  2.35474e-14
      1904.80 -6.30736e-15  1.79619e-14
      1907.46  3.18540e-14  2.01640e-14
      1910.13  3.72005e-14  2.32677e-14
      1912.80  2.26294e-14  1.90639e-14
      1915.47  1.54826e-14  2.00151e-14
      1918.14  3.37069e-14  1.69349e-14
      1920.81  2.57971e-14  1.73195e-14
      1923.48  1.54401e-14  1.48868e-14
      1926.15  2.99251e-14  1.64258e-14
      1928.82 -6.33824e-16  1.41885e-14
      1931.48  2.68634e-14  1.50469e-14
      1934.15  1.67927e-15  1.32192e-14
      1936.82  3.48894e-14  1.61773e-14
      1939.49  6.66210e-15  1.21934e-14
      1942.16  3.06741e-14  1.30092e-14
      1944.83  2.29618e-14  1.99156e-14
      1947.50  2.34489e-14  1.22868e-14
      1950.17  1.39271e-14  1.38621e-14
      1952.84 -6.76219e-15  1.07930e-14
      1955.50  1.26009e-14  1.27458e-14
      1958.17  5.54150e-15  1.04701e-14
      1960.84  1.50578e-15  1.02294e-14
      1963.51  1.92835e-14  1.18089e-14
      1966.18  3.03984e-14  1.07311e-14
      1968.85  4.19625e-14  1.09557e-14
      1971.52  2.28616e-14  1.09028e-14
      1974.19  2.27905e-14  1.00373e-14
      1976.86  3.67849e-14  1.64639e-14
      1979.52  1.73327e-14  9.38756e-15
      1982.19  5.68530e-15  9.23436e-15
      1984.86 -6.66455e-17  8.80772e-15
      1987.53  1.00122e-14  8.98707e-15
      1990.20  1.99690e-15  8.75484e-15
      1992.87 -6.65002e-15  8.75951e-15
      1995.54  2.51154e-14  9.64235e-15
      1998.21  1.05344e-14  9.97958e-15
      2000.88  9.18700e-15  8.54549e-15
      2003.54 -5.04537e-15  8.25435e-15
      2006.21  2.71056e-14  1.00698e-14
      2008.88  3.00064e-14  9.95831e-15
      2011.55  8.55765e-15  8.56969e-15
      2014.22  3.07477e-14  1.57384e-14
      2016.89  2.69295e-14  1.45910e-14
      2019.56  1.44878e-14  8.25161e-15
      2022.23  1.81079e-14  8.82023e-15
      2024.90  3.45456e-15  8.03314e-15
      2027.56  2.90902e-14  1.55804e-14
      2030.23  7.59424e-16  8.52422e-15
      2032.90  3.61533e-14  1.01394e-14
      2035.57  9.37227e-15  8.32829e-15
      2038.24  1.08019e-15  7.77247e-15
      2040.91  2.19373e-14  8.47592e-15
      2043.58  1.26180e-14  8.20603e-15
      2046.25  1.57228e-14  9.55887e-15
      2048.92  4.42826e-15  8.11973e-15
      2051.58  4.58619e-15  8.67686e-15
      2054.25  2.69845e-14  1.44674e-14
      2056.92  5.21201e-15  7.86098e-15
      2059.59  1.64991e-14  1.02466e-14
      2062.26  1.24892e-14  8.07720e-15
      2064.93  1.61864e-14  8.16418e-15
      2067.60  1.04665e-14  7.79569e-15
      2070.27  8.29272e-15  7.64615e-15
      2072.94  1.19464e-14  7.72909e-15
      2075.60  1.56123e-14  8.40637e-15
      2078.27  2.44816e-14  9.56736e-15
      2080.94  1.24728e-14  8.60035e-15
      2083.61  2.01280e-14  8.18797e-15
      2086.28  2.29702e-15  1.18426e-14
      2088.95  1.40451e-14  7.85143e-15
      2091.62  1.64329e-14  8.26411e-15
      2094.29  8.93890e-15  8.09302e-15
      2096.96  5.38094e-15  8.51145e-15
      2099.62  6.18750e-15  9.29756e-15
      2102.29 -2.00579e-15  7.92791e-15
      2104.96 -1.82401e-15  7.93871e-15
      2107.63  2.32411e-14  8.56735e-15
      2110.30  6.09330e-15  7.99454e-15
      2112.97  2.99825e-14  1.11720e-14
      2115.64  5.02850e-15  8.10923e-15
      2118.31  2.22763e-14  1.08591e-14
      2120.98  1.51063e-14  8.17951e-15
      2123.65  2.67609e-14  8.50006e-15
      2126.31 -1.96504e-15  9.66937e-15
      2128.98  1.44080e-14  8.35559e-15
      2131.65  1.33244e-14  8.11872e-15
      2134.32  1.74562e-14  8.36932e-15
      2136.99 -4.61418e-16  7.94518e-15
      2139.66  8.12042e-16  7.96688e-15
      2142.33  9.04417e-15  8.11695e-15
      2145.00  1.41223e-14  8.31423e-15
      2147.67 -2.92043e-15  8.04033e-15
      2150.33  2.41146e-14  1.21206e-14
      2153.00  1.32677e-14  8.47824e-15
      2155.67 -1.73366e-15  8.21010e-15
      2158.34  1.89671e-14  8.76262e-15
      2161.01  2.99820e-14  8.98221e-15
      2163.68 -3.43326e-15  7.96110e-15
      2166.35  4.17589e-15  8.24244e-15
      2169.02  1.70367e-14  8.56498e-15
      2171.69  1.38726e-14  8.48650e-15
      2174.35 -7.10764e-16  8.04277e-15
      2177.02  2.52011e-15  8.41197e-15
      2179.69  3.69064e-15  8.47747e-15
      2182.36  5.40746e-16  1.08500e-14
      2185.03  9.31033e-15  8.80846e-15
      2187.70 -5.51326e-15  9.02431e-15
      2190.37 -7.06096e-15  1.34896e-14
      2193.04  1.10402e-15  1.70682e-14
      2195.71 -4.12602e-15  1.45674e-14
      2198.37  1.03897e-14  9.61430e-15
      2201.04  1.23078e-14  8.19781e-15
      2203.71  2.06530e-14  8.47842e-15
      2206.38  4.59359e-15  7.81966e-15
      2209.05  1.40105e-14  1.00740e-14
      2211.72  1.27555e-15  8.20831e-15
      2214.39  6.65119e-15  8.48718e-15
      2217.06  7.79231e-15  8.26496e-15
      2219.73 -5.17116e-15  8.12617e-15
      2222.39  1.40185e-15  8.14046e-15
      2225.06  2.71655e-14  9.00769e-15
      2227.73  1.08011e-15  7.96310e-15
      2230.40  1.88230e-14  8.59351e-15
      2233.07  4.58709e-15  8.05272e-15
      2235.74  7.70637e-15  7.92860e-15
      2238.41  2.33190e-14  1.07048e-14
      2241.08  2.65291e-15  7.68264e-15
      2243.75 -1.75049e-15  7.55244e-15
      2246.41 -1.37870e-15  7.30348e-15
      2249.08 -3.98386e-16  7.23377e-15
      2251.75  5.17494e-15  7.30779e-15
      2254.42  4.50576e-15  9.08424e-15
      2257.09  1.12777e-14  7.50087e-15
      2259.76 -3.81351e-15  7.08525e-15
      2262.43  1.53188e-14  7.62040e-15
      2265.10  1.45321e-14  7.39870e-15
      2267.77  2.82649e-15  6.95711e-15
      2270.43  4.58489e-15  6.83716e-15
      2273.10  6.82495e-15  6.86625e-15
      2275.77  7.19223e-15  7.54095e-15
      2278.44  4.10251e-15  6.73661e-15
      2281.11  4.51389e-15  6.92568e-15
      2283.78 -3.49653e-15  6.69022e-15
      2286.45  1.04712e-14  7.12779e-15
      2289.12  8.73148e-16  6.22906e-15
      2291.79  3.53274e-15  6.39039e-15
      2294.45  1.40454e-15  6.27789e-15
      2297.12  1.67305e-15  6.47865e-15
      2299.79  9.05206e-15  6.94821e-15
      2302.46  1.85403e-14  6.75432e-15
      2305.13  1.24729e-14  6.62982e-15
      2307.80  6.16987e-15  6.35383e-15
      2310.47  9.83270e-15  6.24518e-15
      2313.14  1.77210e-14  6.36847e-15
      2315.81  9.44741e-15  6.14271e-15
      2318.47 -7.06641e-15  5.73424e-15
      2321.14  1.72581e-14  6.18738e-15
      2323.81  5.26948e-15  5.62686e-15
      2326.48  9.12401e-15  5.66555e-15
      2329.15  1.58875e-14  7.32339e-15
      2331.82  2.69347e-14  6.08767e-15
      2334.49  6.16813e-15  5.22712e-15
      2337.16  1.12952e-14  5.50394e-15
      2339.83  6.37968e-15  5.05777e-15
      2342.49  1.67555e-14  5.36122e-15
      2345.16  2.56922e-14  5.72324e-15
      2347.83  1.77717e-14  5.21812e-15
      2350.50  1.44760e-14  5.16810e-15
      2353.17  2.12480e-14  5.38045e-15
      2355.84  1.25736e-14  4.98077e-15
      2358.51  1.30230e-14  4.94618e-15
      2361.18  1.70891e-14  5.07804e-15
      2363.85  2.38218e-15  4.54399e-15
      2366.51  1.61419e-14  5.14647e-15
      2369.18  1.42672e-14  4.99543e-15
      2371.85  2.10212e-14  6.34883e-15
      2374.52  6.21725e-15  5.35625e-15
      2377.19  1.03073e-14  4.66075e-15
      2379.86  1.87025e-14  4.94341e-15
      2382.53  7.78700e-15  4.52633e-15
      2385.20  8.79111e-15  4.60234e-15
      2387.87  1.42871e-14  4.74533e-15
      2390.53  6.16491e-15  4.38611e-15
      2393.20  2.10991e-14  5.02112e-15
      2395.87  7.77103e-15  5.33186e-15
      2398.54  1.19573e-14  4.36478e-15
      2401.21  8.40742e-15  4.24776e-15
      2403.88  1.49772e-14  4.47843e-15
      2406.55  7.07436e-15  4.16516e-15
      2409.22  9.34786e-15  4.20941e-15
      2411.89  1.68928e-14  4.33836e-15
      2414.55  1.10009e-14  4.10725e-15
      2417.22  8.24758e-15  4.09096e-15
      2419.89  8.94399e-15  4.05783e-15
      2422.56  1.21014e-14  4.27776e-15
      2425.23  1.33806e-14  4.06209e-15
      2427.90  1.33325e-14  4.03297e-15
      2430.57  9.93769e-15  4.16303e-15
      2433.24  2.36758e-14  4.31841e-15
      2435.91  4.65346e-15  3.65117e-15
      2438.57  1.64404e-14  4.09355e-15
      2441.24  1.03489e-14  3.61246e-15
      2443.91  1.33208e-14  3.67842e-15
      2446.58  1.70669e-14  4.00406e-15
      2449.25  1.33605e-14  3.65870e-15
      2451.92  3.02863e-14  4.19612e-15
      2454.59  1.57806e-14  3.68604e-15
      2457.26  1.39431e-14  3.74242e-15
      2459.93  2.37277e-14  4.08573e-15
      2462.59  1.02777e-14  3.48155e-15
      2465.26  7.55908e-15  3.15776e-15
      2467.93  1.83854e-14  3.94169e-15
      2470.60  1.01197e-14  3.23974e-15
      2473.27  7.74589e-15  3.13438e-15
      2475.94  9.60336e-15  3.19452e-15
      2478.61  1.17576e-14  5.17073e-15
      2481.28  1.93026e-14  3.58379e-15
      2483.95  8.25915e-15  3.10621e-15
      2486.61  1.00378e-14  3.24607e-15
      2489.28  5.86176e-15  2.92259e-15
      2491.95  9.86098e-15  3.25307e-15
      2494.62  1.28206e-14  3.38471e-15
      2497.29  1.45133e-14  3.45298e-15
      2499.96  8.42694e-15  3.05188e-15
      2502.63  6.32076e-15  2.92561e-15
      2505.30  1.50347e-14  3.27134e-15
      2507.97  1.07072e-14  3.08745e-15
      2510.63  1.45045e-14  3.19904e-15
      2513.30  1.13841e-14  2.98208e-15
      2515.97  1.85348e-14  3.40914e-15
      2518.64  1.39357e-14  3.16923e-15
      2521.31  1.86116e-14  3.34341e-15
      2523.98  1.17251e-14  2.99566e-15
      2526.65  1.12988e-14  2.88760e-15
      2529.32  1.42248e-14  3.05518e-15
      2531.99  1.67532e-14  3.17676e-15
      2534.65  1.46587e-14  3.05107e-15
      2537.32  2.67489e-14  3.58756e-15
      2539.99  2.12144e-14  3.35905e-15
      2542.66  1.35597e-14  2.87347e-15
      2545.33  1.70964e-14  3.02412e-15
      2548.00  2.69923e-14  3.42292e-15
      2550.67  2.41552e-14  4.68024e-15
      2553.34  1.87044e-14  2.91185e-15
      2556.01  2.59217e-14  3.29460e-15
      2558.67  2.88006e-14  3.46323e-15
      2561.34  2.41572e-14  3.23479e-15
      2564.01  2.24593e-14  3.10325e-15
      2566.68  2.39385e-14  3.17779e-15
      2569.35  2.28028e-14  3.03970e-15
      2572.02  2.15117e-14  3.01447e-15
      2574.69  1.95344e-14  2.95047e-15
      2577.36  1.94631e-14  2.95759e-15
      2580.03  1.76984e-14  2.86893e-15
      2582.69  2.21488e-14  3.06799e-15
      2585.36  2.05088e-14  3.05420e-15
      2588.03  1.05397e-14  2.48175e-15
      2590.70  1.17493e-14  2.46693e-15
      2593.37  1.91911e-14  2.87383e-15
      2596.04  1.42370e-14  2.55326e-15
      2598.71  6.40045e-15  2.15350e-15
      2601.38  9.27599e-15  2.33240e-15
      2604.05  1.14589e-14  2.40507e-15
      2606.71  1.75458e-14  2.59282e-15
      2609.38  1.37190e-14  2.36679e-15
      2612.05  1.38323e-14  2.39576e-15
      2614.72  1.05291e-14  2.21931e-15
      2617.39  1.05393e-14  2.20502e-15
      2620.06  1.08287e-14  2.17665e-15
      2622.73  1.27052e-14  2.22661e-15
      2625.40  1.02260e-14  2.15343e-15
      2628.07  8.85405e-15  2.05115e-15
      2630.73  8.25990e-15  2.00034e-15
      2633.40  4.61415e-15  1.84305e-15
      2636.07  7.20832e-15  2.01940e-15
      2638.74  9.80968e-15  2.14590e-15
      2641.41  8.46471e-15  1.99960e-15
      2644.08  7.80351e-15  1.95459e-15
      2646.75  1.36271e-14  2.24855e-15
      2649.42  1.30485e-14  2.16449e-15
      2652.09  7.83701e-15  1.96165e-15
      2654.75  6.73201e-15  1.89731e-15
      2657.42  7.23619e-15  1.96909e-15
      2660.09  8.72775e-15  1.96984e-15
      2662.76  1.01601e-14  2.02216e-15
      2665.43  5.68391e-15  1.82965e-15
      2668.10  9.72635e-15  2.01737e-15
      2670.77  1.38464e-14  2.14845e-15
      2673.44  1.19357e-14  2.08222e-15
      2676.11  1.36766e-14  2.13844e-15
      2678.77  1.23043e-14  2.09611e-15
      2681.44  7.81251e-15  1.81778e-15
      2684.11  1.03022e-14  1.93623e-15
      2686.78  1.32709e-14  2.13101e-15
      2689.45  1.82740e-14  2.38144e-15
      2692.12  1.88117e-14  2.46178e-15
      2694.79  1.52213e-14  2.21510e-15
      2697.46  1.81460e-14  2.45218e-15
      2700.13  1.78938e-14  2.36039e-15
      2702.79  2.01572e-14  2.52283e-15
      2705.46  2.47077e-14  2.77488e-15
      2708.13  2.12846e-14  2.61439e-15
      2710.80  2.69317e-14  3.70339e-15
      2713.47  3.10127e-14  3.00837e-15
      2716.14  2.67432e-14  3.30882e-15
      2718.81  3.02540e-14  3.09706e-15
      2721.48  3.64533e-14  3.59971e-15
      2724.15  3.09748e-14  3.20741e-15
      2726.81  3.21270e-14  3.24493e-15
      2729.48  3.62868e-14  3.36227e-15
      2732.15  2.85913e-14  3.02645e-15
      2734.82  3.84612e-14  3.57176e-15
      2737.49  3.22388e-14  3.20655e-15
      2740.16  3.24245e-14  3.22977e-15
      2742.83  3.75234e-14  4.14777e-15
      2745.50  3.76528e-14  3.47136e-15
      2748.17  2.90123e-14  3.05237e-15
      2750.83  3.60276e-14  3.51555e-15
      2753.50  3.43512e-14  3.31749e-15
      2756.17  3.16690e-14  2.94929e-15
      2758.84  4.40751e-14  3.80721e-15
      2761.51  3.75736e-14  3.60171e-15
      2764.18  3.75522e-14  3.52924e-15
      2766.85  3.25769e-14  3.30145e-15
      2769.52  2.96605e-14  3.07224e-15
      2772.19  4.84974e-14  4.26161e-15
      2774.85  4.20402e-14  3.84704e-15
      2777.52  5.44804e-14  4.48444e-15
      2780.19  4.36099e-14  3.96943e-15
      2782.86  4.31000e-14  3.91155e-15
      2785.53  3.81171e-14  3.68188e-15
      2788.20  4.15009e-14  3.84221e-15
      2790.87  3.10007e-14  3.19339e-15
      2793.54  2.33858e-14  2.69242e-15
      2796.21  2.35733e-14  2.67541e-15
      2798.88  1.62414e-14  2.16322e-15
      2801.54  1.88339e-14  2.42220e-15
      2804.21  2.23931e-14  2.64935e-15
      2806.88  3.46207e-14  3.45029e-15
      2809.55  4.30166e-14  3.98014e-15
      2812.22  4.48161e-14  4.04861e-15
      2814.89  3.81645e-14  3.61003e-15
      2817.56  5.47772e-14  4.87336e-15
      2820.23  4.17021e-14  3.78211e-15
      2822.90  4.23305e-14  3.87614e-15
      2825.56  3.93535e-14  3.61418e-15
      2828.23  4.12161e-14  3.74261e-15
      2830.90  4.07853e-14  3.64751e-15
      2833.57  4.39580e-14  3.97065e-15
      2836.24  4.63162e-14  4.06423e-15
      2838.91  3.76243e-14  3.51881e-15
      2841.58  4.27297e-14  3.84495e-15
      2844.25  4.28902e-14  3.87333e-15
      2846.92  4.40119e-14  4.00540e-15
      2849.58  3.65921e-14  3.47090e-15
      2852.25  3.09640e-14  3.06126e-15
      2854.92  3.84329e-14  3.52521e-15
      2857.59  5.26839e-14  5.25626e-15
      2860.26  4.30036e-14  3.85685e-15
      2862.93  5.07901e-14  6.24330e-15
      2865.60  5.14541e-14  4.30414e-15
      2868.27  5.13072e-14  4.24954e-15
      2870.94  5.61870e-14  4.57027e-15
      2873.60  4.31352e-14  3.84544e-15
      2876.27  4.96570e-14  4.24668e-15
      2878.94  5.46328e-14  4.47785e-15
      2881.61  5.69666e-14  4.60770e-15
      2884.28  4.92106e-14  4.16242e-15
      2886.95  5.69914e-14  4.62731e-15
      2889.62  4.95432e-14  4.17056e-15
      2892.29  5.52339e-14  4.55568e-15
      2894.96  6.98397e-14  5.11317e-15
      2897.62  5.75480e-14  4.65999e-15
      2900.29  6.18582e-14  5.80811e-15
      2902.96  6.60909e-14  4.93418e-15
      2905.63  6.38106e-14  4.95030e-15
      2908.30  5.60036e-14  4.63511e-15
      2910.97  6.24043e-14  7.05535e-15
      2913.64  5.37772e-14  4.57292e-15
      2916.31  5.41137e-14  4.54136e-15
      2918.98  6.55948e-14  5.19535e-15
      2921.64  5.77934e-14  4.82496e-15
      2924.31  5.84953e-14  4.90502e-15
      2926.98  5.60818e-14  4.78737e-15
      2929.65  6.88016e-14  7.55684e-15
      2932.32  6.41854e-14  5.06725e-15
      2934.99  5.82112e-14  4.69144e-15
      2937.66  7.16153e-14  5.52017e-15
      2940.33  6.25606e-14  5.03380e-15
      2943.00  6.81021e-14  5.27905e-15
      2945.66  6.87683e-14  5.51438e-15
      2948.33  6.60899e-14  5.27065e-15
      2951.00  6.40115e-14  5.12900e-15
      2953.67  6.19882e-14  5.05210e-15
      2956.34  8.38853e-14  5.66258e-15
      2959.01  5.79781e-14  4.79797e-15
      2961.68  6.63571e-14  5.23943e-15
      2964.35  7.15682e-14  5.54161e-15
      2967.02  6.57103e-14  5.09396e-15
      2969.68  6.51122e-14  5.28626e-15
      2972.35  6.51120e-14  5.32046e-15
      2975.02  6.25151e-14  5.23462e-15
      2977.69  6.33310e-14  5.31828e-15
      2980.36  6.13986e-14  5.17863e-15
      2983.03  5.75725e-14  4.94866e-15
      2985.70  6.12416e-14  5.24495e-15
      2988.37  7.13019e-14  5.59316e-15
      2991.04  6.68646e-14  5.50529e-15
      2993.70  6.20739e-14  5.33437e-15
      2996.37  6.50486e-14  5.40221e-15
      2999.04  7.15411e-14  5.63532e-15
      3001.71  5.71515e-14  4.99134e-15
      3004.38  5.80891e-14  5.13512e-15
      3007.05  7.51878e-14  6.00557e-15
      3009.72  4.61453e-14  4.37943e-15
      3012.39  6.06277e-14  5.21643e-15
      3015.06  5.35003e-14  4.91376e-15
      3017.72  5.56122e-14  5.05379e-15
      3020.39  5.71827e-14  5.13447e-15
      3023.06  5.04007e-14  4.78830e-15
      3025.73  5.05207e-14  4.83199e-15
      3028.40  4.75461e-14  4.67820e-15
      3031.07  4.76568e-14  4.75498e-15
      3033.74  5.20381e-14  5.01818e-15
      3036.41  5.08795e-14  4.94898e-15
      3039.08  4.48212e-14  4.59645e-15
      3041.74  4.82538e-14  4.78273e-15
      3044.41  5.79047e-14  5.33397e-15
      3047.08  6.50644e-14  5.76284e-15
      3049.75  5.27977e-14  5.16718e-15
      3052.42  7.13375e-14  6.04833e-15
      3055.09  5.28192e-14  5.13423e-15
      3057.76  6.15140e-14  5.62344e-15
      3060.43  6.39533e-14  5.70352e-15
      3063.10  5.87305e-14  5.40332e-15
      3065.76  6.10675e-14  5.53542e-15
      3068.43  6.52340e-14  7.06711e-15
      3071.10  6.37457e-14  5.88615e-15
      3073.77  5.85224e-14  5.51486e-15
      3076.44  5.17373e-14  5.21900e-15
      3079.11  6.47507e-14  6.32635e-15
      3081.78  6.53200e-14  5.99338e-15
      3084.45  5.99544e-14  5.72373e-15
      3087.12  5.78860e-14  5.83268e-15
      3089.78  6.77988e-14  6.37109e-15
      3092.45  7.21877e-14  6.47330e-15
      3095.12  5.94987e-14  5.95137e-15
      3097.79  5.84893e-14  6.03407e-15
      3100.46  6.83244e-14  6.46295e-15
      3103.13  5.98377e-14  6.11190e-15
      3105.80  5.32401e-14  5.66740e-15
      3108.47  6.51943e-14  6.46493e-15
      3111.14  6.84509e-14  6.71875e-15
      3113.80  7.85644e-14  7.34048e-15
      3116.47  6.71668e-14  6.89653e-15
      3119.14  7.74734e-14  7.53167e-15
      3121.81  7.62210e-14  7.35429e-15
      3124.48  7.84219e-14  7.50428e-15
      3127.15  8.55429e-14  8.32978e-15
      3129.82  5.52631e-14  6.28882e-15
      3132.49  6.96736e-14  7.23617e-15
      3135.16  6.40120e-14  6.76164e-15
      3137.82  7.42842e-14  1.42557e-14
      3140.49  6.74448e-14  7.39085e-15
      3143.16  6.28591e-14  7.22624e-15
      3145.83  6.90005e-14  7.54292e-15
      3148.50  8.07706e-14  8.20787e-15
      3151.17  7.07691e-14  1.22397e-14
      3153.84  5.06696e-14  6.87964e-15
      3156.51  6.83526e-14  7.78500e-15
      3159.18  7.23880e-14  8.05143e-15
      3161.84  6.95611e-14  7.81729e-15
      3164.51  5.95930e-14  7.47372e-15
      3167.18  6.02206e-14  7.47418e-15
      3169.85  8.71991e-14  8.80331e-15
      3172.52  7.05163e-14  8.23543e-15
      3175.19  5.70493e-14  7.90161e-15
      3177.86  5.95025e-14  8.08995e-15
      3180.53  6.01034e-14  9.12879e-15
      3183.20  7.18699e-14  9.09299e-15
      3185.86  6.45474e-14  8.25113e-15
      3188.53  5.84229e-14  8.21230e-15
      3191.20  7.69145e-14  9.28505e-15
      3193.87  4.83740e-14  8.16830e-15
      3196.54  7.66684e-14  9.46064e-15
      3199.21  5.51497e-14  8.95073e-15
      3201.88  5.60021e-14  8.75778e-15
      3204.55  5.61875e-14  8.92206e-15
      3207.22  6.51184e-14  9.79145e-15
      3209.88  6.18060e-14  9.92313e-15
      3212.55  8.89201e-14  1.18859e-14
      3215.22  8.06161e-14  1.19073e-14
      3217.89  6.04786e-14  1.10961e-14
      3220.56  4.36223e-14  9.23104e-15
      3223.23  5.98237e-14  1.01504e-14
      3225.90  7.04927e-14  1.13958e-14
      3228.57  3.40578e-14  9.80769e-15
      3231.24  6.18183e-14  1.10799e-14
      3233.90  3.73532e-14  1.02695e-14
      3236.57  6.18485e-14  1.21716e-14
      3239.24  7.40698e-14  1.28158e-14
      3241.91  6.01957e-14  1.28934e-14
      3244.58  5.18379e-14  1.25948e-14
      3247.25  6.55648e-14  1.44835e-14
      3249.92  6.94794e-14  1.51153e-14
      3252.59  6.50464e-14  1.36673e-14
      3255.26  6.78842e-14  1.40251e-14
      3257.92  4.49810e-14  1.32671e-14
      3260.59  3.18172e-14  1.36807e-14
      3263.26  4.17255e-14  1.45179e-14
      3265.93  5.67798e-14  1.62124e-14
      3268.60  3.46235e-14  1.60080e-14
      3271.27  3.17866e-14  1.40442e-14
      3273.94  9.96379e-14  1.69015e-14
      3276.61  3.63878e-14  1.76397e-14
      3279.28  7.28259e-14  1.95643e-14
      3281.94  7.11297e-14  1.83702e-14
      3284.61  8.81190e-14  1.92421e-14
      3287.28  7.58234e-14  1.65992e-14
      3289.95  6.44830e-14  1.63847e-14
      3292.62  5.59873e-14  1.74970e-14
      3295.29  7.50835e-14  2.10646e-14
      3297.96  7.15625e-14  2.13895e-14
      3300.63  8.27703e-14  2.35238e-14
      3303.30  2.58459e-14  2.18076e-14
      3305.96  1.00560e-13  4.43576e-14
      3308.63  3.09010e-14  3.07743e-14
      3311.30  1.52815e-14  2.94023e-14
      3313.97  8.33148e-14  3.18374e-14
      3316.64  1.18559e-13  3.37168e-14
      3319.31  6.93277e-14  3.26335e-14
      3321.98  9.76887e-14  2.92837e-14
      3324.65  8.08762e-14  2.96636e-14
      3327.32  4.73481e-14  4.62759e-14
      3329.98  5.32183e-14  2.65900e-14
      3332.65  5.89082e-14  3.62176e-14
      3335.32  6.43928e-14  3.79276e-14
      3337.99  8.16351e-14  3.98006e-14
      3340.66  1.22449e-13  5.39763e-14
      3343.33  1.74076e-13  5.75899e-14
      3346.00  1.26313e-13  4.78103e-14
      3348.67  1.26217e-13  4.91273e-14
