      1150.59 -1.19815e-14  2.83825e-14
      1152.27  1.06695e-14  2.67834e-14
      1153.94  6.94891e-15  2.50349e-14
      1155.62 -9.87489e-15  2.32690e-14
      1157.29 -3.21486e-14  2.15954e-14
      1158.97 -3.05446e-14  1.99300e-14
      1160.65  1.97598e-14  1.85307e-14
      1162.32  1.25257e-14  1.71366e-14
      1164.00  1.64383e-14  1.60460e-14
      1165.68  7.69387e-16  1.49802e-14
      1167.35 -6.29747e-15  1.39474e-14
      1169.03  3.26999e-15  1.30081e-14
      1170.70 -2.00461e-15  1.21611e-14
      1172.38  1.84223e-14  1.16216e-14
      1174.06  2.07294e-14  1.09237e-14
      1175.73  1.00719e-14  1.00375e-14
      1177.41  1.23764e-14  9.46324e-15
      1179.09 -2.33931e-15  8.72374e-15
      1180.76 -7.28546e-15  8.26180e-15
      1182.44 -1.34655e-15  7.79855e-15
      1184.12  5.25712e-15  7.43175e-15
      1185.79  1.82682e-14  7.26935e-15
      1187.47  1.27399e-14  6.82961e-15
      1189.14  1.03177e-15  6.47445e-15
      1190.82  7.31223e-15  6.52713e-15
      1192.50  7.23909e-15  6.57774e-15
      1194.17  8.11791e-15  6.51451e-15
      1195.85  7.68383e-15  6.11755e-15
      1197.53  2.92315e-15  5.65757e-15
      1199.20  5.32548e-15  5.25647e-15
      1200.88  1.22007e-14  5.11562e-15
      1202.56  1.65406e-14  5.03388e-15
      1204.23  1.80914e-14  4.89946e-15
      1205.91  3.32710e-14  6.29518e-15
      1207.58  9.00979e-14  1.76525e-14
      1209.26  2.28753e-13  4.00516e-14
      1210.94  4.50547e-13  7.74108e-14
      1212.61  5.74732e-13  9.37307e-14
      1214.29  6.36507e-13  1.14882e-13
      1215.97  5.53513e-13  1.04006e-13
      1217.64  5.39469e-13  1.06547e-13
      1219.32  4.57394e-13  7.95320e-14
      1221.00  2.62720e-13  5.05800e-14
      1222.67  1.15672e-13  2.76698e-14
      1224.35  3.37447e-14  9.40598e-15
      1226.02  1.39448e-14  3.51941e-15
      1227.70  1.12474e-14  3.40365e-15
      1229.38  7.65314e-15  3.40131e-15
      1231.05  5.17614e-15  3.18808e-15
      1232.73  4.80117e-15  3.12599e-15
      1234.41  3.46259e-15  3.04860e-15
      1236.08  4.62397e-15  3.03766e-15
      1237.76  3.77770e-15  2.98274e-15
      1239.44  4.33031e-15  2.94868e-15
      1241.11  3.64044e-15  2.88881e-15
      1242.79  1.94534e-15  2.82345e-15
      1244.46  6.56599e-15  2.86383e-15
      1246.14  7.39017e-15  2.85186e-15
      1247.82  1.30177e-14  2.92990e-15
      1249.49  1.08649e-14  2.85741e-15
      1251.17  7.25150e-15  2.78269e-15
      1252.85  1.20599e-14  2.84266e-15
      1254.52  5.39383e-15  2.69338e-15
      1256.20  4.10173e-15  2.62894e-15
      1257.88  4.16791e-15  2.61213e-15
      1259.55  4.49499e-15  2.60483e-15
      1261.23  8.29358e-15  2.65648e-15
      1262.90  8.73136e-15  2.64222e-15
      1264.58  7.12567e-15  2.82214e-15
      1266.26  1.02156e-14  3.39026e-15
      1267.93  1.37746e-14  2.70644e-15
      1269.61  8.76989e-15  2.56500e-15
      1271.29  8.13336e-15  2.56679e-15
      1272.96  6.85301e-15  2.49811e-15
      1274.64  1.01514e-14  2.54072e-15
      1276.31  7.55539e-15  2.47155e-15
      1277.99  9.11558e-15  2.49599e-15
      1279.67  1.02626e-14  2.48984e-15
      1281.34  1.10367e-14  2.51041e-15
      1283.02  8.18430e-15  2.44178e-15
      1284.70  1.11617e-14  2.85420e-15
      1286.37  8.20128e-15  2.43220e-15
      1288.05  9.59842e-15  2.44113e-15
      1289.73  1.13868e-14  2.46459e-15
      1291.40  7.01008e-15  2.37860e-15
      1293.08  7.02434e-15  2.44766e-15
      1294.75  3.65535e-15  2.30551e-15
      1296.43  5.24450e-15  2.34937e-15
      1298.11  6.88284e-15  2.36140e-15
      1299.78  4.37080e-15  2.31204e-15
      1301.46  6.05072e-15  2.32238e-15
      1303.14  8.30708e-15  2.36216e-15
      1304.81  8.30469e-15  2.36020e-15
      1306.49  2.85463e-15  2.24461e-15
      1308.17  7.15049e-15  2.31628e-15
      1309.84  8.24961e-15  2.33827e-15
      1311.52  6.37758e-15  2.32613e-15
      1313.19  9.33959e-15  2.37626e-15
      1314.87  1.32043e-14  5.54948e-15
      1316.55  1.14275e-14  2.40543e-15
      1318.22  8.72048e-15  2.36151e-15
      1319.90  7.40432e-15  2.33408e-15
      1321.58  3.69650e-15  2.34780e-15
      1323.25  6.62977e-15  3.04495e-15
      1324.93  9.09926e-15  2.74780e-15
      1326.61  1.08242e-14  2.69561e-15
      1328.28  6.65666e-15  2.40173e-15
      1329.96  8.98606e-15  2.34284e-15
      1331.63  6.24261e-15  2.57653e-15
      1333.31  6.95696e-15  2.32831e-15
      1334.99  4.95083e-15  2.29604e-15
      1336.66  4.50696e-15  2.29871e-15
      1338.34  8.32210e-15  2.37686e-15
      1340.02  9.66721e-15  2.38339e-15
      1341.69  1.20818e-14  4.67121e-15
      1343.37  1.07513e-14  5.60891e-15
      1345.05  8.82018e-15  3.01670e-15
      1346.72  8.14251e-15  2.37811e-15
      1348.40  7.13873e-15  2.48347e-15
      1350.07  8.94970e-15  2.42023e-15
      1351.75  1.02961e-14  2.54600e-15
      1353.43  6.38694e-15  3.29970e-15
      1355.10  4.72030e-15  2.93785e-15
      1356.78  6.27951e-15  2.41517e-15
      1358.46  7.34467e-15  2.53376e-15
      1360.13  1.17094e-14  2.48516e-15
      1361.81  6.14606e-15  2.38910e-15
      1363.48  2.12221e-15  2.33109e-15
      1365.16  8.01973e-15  3.12446e-15
      1366.84  8.95602e-15  2.67270e-15
      1368.51  6.78912e-15  2.43705e-15
      1370.19  9.80414e-15  2.97300e-15
      1371.87  5.76042e-15  2.45637e-15
      1373.54  5.75357e-15  2.45327e-15
      1375.22  9.57818e-15  2.53093e-15
      1376.90  6.07009e-15  3.09355e-15
      1378.57  9.50547e-15  2.55226e-15
      1380.25  9.40250e-15  2.60630e-15
      1381.92  8.42180e-15  2.56364e-15
      1383.60  6.69693e-15  2.53272e-15
      1385.28  6.47097e-15  2.53931e-15
      1386.95  2.19177e-15  2.59760e-15
      1388.63  4.51621e-15  3.21769e-15
      1390.31  1.17948e-15  2.54965e-15
      1391.98  4.87498e-18  2.47993e-15
      1393.66  4.26478e-15  2.73501e-15
      1395.34  2.55455e-15  2.53555e-15
      1397.01  3.18748e-15  2.55710e-15
      1398.69  3.88578e-15  2.59014e-15
      1400.36  2.56151e-15  2.62372e-15
      1402.04  1.49143e-15  2.57098e-15
      1403.72  5.45696e-15  2.66426e-15
      1405.39  6.72240e-15  2.69267e-15
      1407.07  2.76315e-15  2.62834e-15
      1408.75  3.60670e-15  3.04000e-15
      1410.42  7.10695e-15  2.83134e-15
      1412.10  1.74044e-14  5.27987e-15
      1413.78  1.36536e-14  3.64414e-15
      1415.45  3.16713e-15  2.72663e-15
      1417.13  4.96629e-15  2.79156e-15
      1418.80  5.25364e-15  2.79504e-15
      1420.48  7.78811e-15  3.03651e-15
      1422.16  1.72025e-15  2.83678e-15
      1423.83  1.96330e-15  2.74122e-15
      1425.51  5.40102e-15  3.39369e-15
      1427.19  4.96634e-16  2.77186e-15
      1428.86  1.12410e-15  2.78884e-15
      1430.54  6.34814e-16  2.79738e-15
      1432.22  1.47970e-15  2.82051e-15
      1433.89  2.34790e-15  2.85039e-15
      1435.57  4.33401e-15  2.88778e-15
      1437.24  8.22283e-15  2.95923e-15
      1438.92  3.85171e-15  2.89338e-15
      1440.60 -5.40281e-17  3.01828e-15
      1442.27  3.45573e-15  2.92114e-15
      1443.95  7.14091e-15  2.99760e-15
      1445.63  3.47576e-15  2.93387e-15
      1447.30  1.12592e-14  4.85679e-15
      1448.98  2.81997e-14  1.48038e-14
      1450.66  1.21267e-14  5.78426e-15
      1452.33  7.25476e-15  3.05007e-15
      1454.01  9.22002e-16  2.93491e-15
      1455.68  7.31811e-15  3.05736e-15
      1457.36  1.03943e-14  3.11009e-15
      1459.04  4.58294e-15  3.00626e-15
      1460.71  4.70582e-15  3.03254e-15
      1462.39  5.09168e-15  3.05213e-15
      1464.07  8.58616e-15  3.11363e-15
      1465.74  3.51010e-15  3.00201e-15
      1467.42  4.02554e-15  3.03026e-15
      1469.09  2.48581e-15  3.00658e-15
      1470.77  5.53239e-15  3.02982e-15
      1472.45  1.46343e-15  3.03265e-15
      1474.12  9.42993e-15  3.10933e-15
      1475.80  8.14860e-15  3.08947e-15
      1477.48  7.69667e-15  3.08315e-15
      1479.15  5.49811e-15  3.21780e-15
      1480.83  5.19062e-15  3.05137e-15
      1482.51  1.05800e-14  3.13856e-15
      1484.18  4.30255e-15  3.02955e-15
      1485.86  2.57207e-15  3.00740e-15
      1487.53 -2.85302e-17  3.04838e-15
      1489.21  5.59041e-15  3.08076e-15
      1490.89  1.09192e-14  3.16196e-15
      1492.56  1.33040e-14  3.24539e-15
      1494.24  1.25616e-14  3.96023e-15
      1495.92  8.09091e-15  4.87421e-15
      1497.59  5.19095e-15  4.87878e-15
      1499.27  5.29968e-15  3.19978e-15
      1500.95  5.60695e-15  3.83147e-15
      1502.62  1.99922e-15  3.08620e-15
      1504.30  4.84569e-15  3.13175e-15
      1505.97  5.25887e-15  3.14454e-15
      1507.65  1.01381e-14  3.23940e-15
      1509.33  9.75668e-15  3.23706e-15
      1511.00  1.35804e-15  3.09012e-15
      1512.68 -3.80347e-16  3.08729e-15
      1514.36  2.49920e-15  3.12381e-15
      1516.03 -4.20946e-16  3.09801e-15
      1517.71  8.11856e-15  3.24223e-15
      1519.39  8.78056e-15  3.32876e-15
      1521.06  6.11548e-15  4.72672e-15
      1522.74  8.18670e-15  3.74929e-15
      1524.41  3.36828e-15  3.57220e-15
      1526.09 -1.10181e-15  3.13426e-15
      1527.77  1.95693e-15  3.16082e-15
      1529.44 -3.14079e-15  3.13867e-15
      1531.12  1.81804e-15  3.16501e-15
      1532.80  3.79664e-15  3.19744e-15
      1534.47 -2.76493e-18  3.14911e-15
      1536.15  2.77904e-15  3.17567e-15
      1537.83  5.11835e-15  3.21393e-15
      1539.50  6.01208e-15  3.23031e-15
      1541.18  9.01697e-15  3.27821e-15
      1542.85  9.73861e-15  3.29339e-15
      1544.53  8.83542e-15  3.26324e-15
      1546.21  7.55626e-15  3.22357e-15
      1547.88  1.14207e-14  3.30079e-15
      1549.56  1.16637e-14  3.29747e-15
      1551.24  2.22571e-14  5.97539e-15
      1552.91  4.25063e-14  9.12494e-15
      1554.59  6.43215e-14  1.41425e-14
      1556.26  3.87611e-14  8.02844e-15
      1557.94  2.93456e-14  5.51988e-15
      1559.62  2.03031e-14  3.92932e-15
      1561.29  2.30652e-14  3.92682e-15
      1562.97  1.66812e-14  3.30095e-15
      1564.65  2.17830e-14  3.61073e-15
      1566.32  1.80283e-14  3.33067e-15
      1568.00  1.56925e-14  3.26993e-15
      1569.68  1.94851e-14  3.34308e-15
      1571.35  1.52044e-14  3.22776e-15
      1573.03  9.16500e-15  3.11554e-15
      1574.70  1.94650e-14  3.28708e-15
      1576.38  2.59026e-14  3.41236e-15
      1578.06  1.69363e-14  3.20996e-15
      1579.73  1.20609e-14  3.14454e-15
      1581.41  1.09938e-14  3.11091e-15
      1583.09  1.14166e-14  3.11967e-15
      1584.76  1.27121e-14  3.10705e-15
      1586.44  1.58300e-14  3.16180e-15
      1588.12  9.46737e-15  3.20452e-15
      1589.79  1.00813e-14  3.04207e-15
      1591.47  1.01309e-14  3.03309e-15
      1593.14  1.33893e-14  3.07249e-15
      1594.82  1.18313e-14  3.03178e-15
      1596.50  8.58942e-15  2.98019e-15
      1598.17  8.51650e-15  2.97273e-15
      1599.85  1.07019e-14  2.99630e-15
      1601.53  8.38806e-15  2.96277e-15
      1603.20  1.34838e-14  3.02851e-15
      1604.88  1.22268e-14  2.99308e-15
      1606.56  1.62267e-14  3.04696e-15
      1608.23  4.39365e-15  2.83346e-15
      1609.91  8.08699e-15  2.88522e-15
      1611.58  1.08208e-14  2.91423e-15
      1613.26  8.48885e-15  2.86383e-15
      1614.94  1.28444e-14  2.92908e-15
      1616.61  8.01842e-15  2.83346e-15
      1618.29  1.95905e-15  2.72141e-15
      1619.97  3.05622e-15  2.73490e-15
      1621.64  1.03257e-14  2.84391e-15
      1623.32  9.15542e-15  2.80533e-15
      1625.00  8.32167e-15  2.79276e-15
      1626.67  8.76728e-15  2.78356e-15
      1628.35  1.14980e-14  2.81627e-15
      1630.02  1.21687e-14  2.79047e-15
      1631.70  5.36728e-15  2.66383e-15
      1633.38  9.18002e-15  2.70938e-15
      1635.05  1.37393e-14  2.78884e-15
      1636.73  5.63580e-15  2.64500e-15
      1638.41  6.00554e-15  2.65376e-15
      1640.08  6.17632e-15  3.13077e-15
      1641.76  7.72323e-15  3.10345e-15
      1643.44  1.04492e-14  2.66290e-15
      1645.11  1.14436e-14  2.67613e-15
      1646.79  1.01357e-14  2.63090e-15
      1648.46  4.36383e-15  2.52592e-15
      1650.14  1.01921e-14  2.60075e-15
      1651.82  8.49734e-15  2.55455e-15
      1653.49  1.06224e-14  2.58138e-15
      1655.17  9.84224e-15  2.56418e-15
      1656.85  9.53137e-15  2.54388e-15
      1658.52  7.44481e-15  2.61419e-15
      1660.20  8.16994e-15  2.68152e-15
      1661.87  1.38565e-14  2.87336e-15
      1663.55  9.48500e-15  4.21830e-15
      1665.23  3.98244e-15  3.63206e-15
      1666.90  2.54910e-15  3.14960e-15
      1668.58  4.84384e-15  2.35650e-15
      1670.26  4.02347e-15  2.33256e-15
      1671.93  5.43356e-15  2.35160e-15
      1673.61  7.65967e-15  2.41588e-15
      1675.29  6.90961e-15  2.33751e-15
      1676.96  3.11559e-15  2.25767e-15
      1678.64  3.67265e-16  2.20336e-15
      1680.31  6.41665e-15  2.72239e-15
      1681.99  7.86582e-15  2.30121e-15
      1683.67  5.38621e-15  2.57430e-15
      1685.34  3.92366e-15  2.18469e-15
      1687.02  6.28016e-15  2.20292e-15
      1688.70  2.52663e-15  2.14023e-15
      1690.37  2.66606e-15  2.12020e-15
      1692.05  6.86031e-15  2.16728e-15
      1693.73  9.10078e-15  2.18491e-15
      1695.40  9.71685e-15  2.18023e-15
      1697.08  1.00741e-14  2.17130e-15
      1698.75  3.30748e-15  2.04716e-15
      1700.43  2.37386e-15  2.32613e-15
      1702.11  4.47050e-15  3.36093e-15
      1703.78  4.00148e-15  2.03916e-15
      1705.46  8.36172e-15  2.05663e-15
      1707.14  8.13467e-15  2.07748e-15
      1708.81  7.90043e-15  2.09897e-15
      1710.49  6.26645e-15  1.97690e-15
      1712.17  6.49981e-15  1.97277e-15
      1713.84  5.13772e-15  1.92711e-15
      1715.52  4.84895e-15  1.91018e-15
      1717.19  9.60343e-15  1.97065e-15
      1718.87  9.90406e-15  1.95535e-15
      1720.55  3.11570e-15  2.01680e-15
      1722.22  2.06485e-15  1.82860e-15
      1723.90  6.19983e-15  2.71928e-15
      1725.58  4.37384e-15  1.92515e-15
      1727.25  6.31072e-16  1.72999e-15
      1728.93  2.57523e-15  1.79274e-15
      1730.61  6.44724e-15  1.89908e-15
      1732.28  4.31409e-15  1.88716e-15
      1733.96  4.40247e-15  1.73418e-15
      1735.63  3.34188e-15  1.72515e-15
      1737.31  7.69950e-15  1.75875e-15
      1738.99  7.97445e-15  2.27171e-15
      1740.66  4.96193e-15  1.91650e-15
      1742.34  3.66667e-15  2.78269e-15
      1744.02  5.72418e-15  1.86354e-15
      1745.69  7.06091e-15  1.68656e-15
      1747.37  1.08878e-14  1.73290e-15
      1749.04  1.05088e-14  2.04809e-15
      1750.72  8.25658e-15  1.92123e-15
      1752.40  5.02202e-15  2.33288e-15
      1754.07  4.94093e-15  1.79949e-15
      1755.75  4.68786e-15  1.57113e-15
      1757.43  4.84972e-15  1.56359e-15
      1759.10  4.15474e-15  1.54117e-15
      1760.78  3.76257e-15  1.52326e-15
      1762.46  5.83847e-15  2.72331e-15
      1764.13  5.59879e-15  2.58677e-15
      1765.81  5.49604e-15  2.19857e-15
      1767.48  5.29293e-15  1.89592e-15
      1769.16  4.09128e-15  1.49140e-15
      1770.84  6.05289e-15  1.51434e-15
      1772.51  8.75487e-15  1.54356e-15
      1774.19  6.43777e-15  1.48740e-15
      1775.87  6.78237e-15  1.60316e-15
      1777.54  4.52133e-15  1.72074e-15
      1779.22  5.13685e-15  1.84096e-15
      1780.90  7.63267e-15  1.53407e-15
      1782.57  7.33988e-15  2.47280e-15
      1784.25  8.07328e-15  2.14295e-15
      1785.92  8.86219e-15  1.91051e-15
      1787.60  9.46128e-15  1.71617e-15
      1789.28  9.86117e-15  1.61472e-15
      1790.95  1.20424e-14  1.78969e-15
      1792.63  1.02750e-14  1.64561e-15
      1794.31  7.43675e-15  1.75021e-15
      1795.98  6.62683e-15  2.28978e-15
      1797.66  8.66649e-15  1.41181e-15
      1799.34  9.01262e-15  1.55780e-15
      1801.01  9.75930e-15  1.77788e-15
      1802.69  8.25396e-15  1.93614e-15
      1804.36  5.55906e-15  2.04493e-15
      1806.04  5.10790e-15  1.36231e-15
      1807.72  5.98290e-15  1.38484e-15
      1809.39  7.47659e-15  1.36440e-15
      1811.07  5.70894e-15  1.31376e-15
      1812.75  3.89198e-15  1.27833e-15
      1814.42  5.48156e-15  1.29651e-15
      1816.10  7.62505e-15  1.36740e-15
      1817.78  7.12241e-15  1.60356e-15
      1819.45  8.78448e-15  1.53458e-15
      1821.13  9.36440e-15  2.08646e-15
      1822.80  6.83625e-15  1.40424e-15
      1824.48  6.62662e-15  1.28231e-15
      1826.16  7.91915e-15  1.29036e-15
      1827.83  7.78985e-15  2.06714e-15
      1829.51  7.29656e-15  2.13707e-15
      1831.19  9.08554e-15  1.84738e-15
      1832.86  1.11218e-14  1.79448e-15
      1834.54  8.79493e-15  1.76106e-15
      1836.22  6.83636e-15  1.53140e-15
      1837.89  5.29696e-15  1.84297e-15
      1839.57  4.62789e-15  1.57663e-15
      1841.24  6.16642e-15  1.72868e-15
      1842.92  7.50728e-15  1.95437e-15
      1844.60  1.04790e-14  1.92961e-15
      1846.27  9.65393e-15  1.72702e-15
      1847.95  9.02698e-15  1.34478e-15
      1849.63  5.61882e-15  1.22788e-15
      1851.30  5.11116e-15  1.21259e-15
      1852.98  4.81532e-15  1.20168e-15
      1854.65  4.75067e-15  1.51744e-15
      1856.33  5.27552e-15  1.47039e-15
      1858.01  6.17883e-15  1.84678e-15
      1859.68  6.61334e-15  1.56073e-15
      1861.36  6.90069e-15  1.25602e-15
      1863.04  6.25415e-15  1.34198e-15
      1864.71  6.09142e-15  1.32242e-15
      1866.39  6.11613e-15  1.21469e-15
      1868.07  5.49539e-15  1.34176e-15
      1869.74  6.47031e-15  1.75943e-15
      1871.42  8.18844e-15  1.98833e-15
      1873.09  9.42732e-15  1.76735e-15
      1874.77  8.65669e-15  1.51301e-15
      1876.45  8.95340e-15  1.95775e-15
      1878.12  7.67599e-15  2.26975e-15
      1879.80  7.08584e-15  1.94741e-15
      1881.48  1.00630e-14  1.27591e-15
      1883.15  1.07692e-14  1.32536e-15
      1884.83  1.04455e-14  1.46721e-15
      1886.51  1.14020e-14  1.52724e-15
      1888.18  1.10086e-14  1.32979e-15
      1889.86  1.05700e-14  1.35213e-15
      1891.53  9.13496e-15  1.48650e-15
      1893.21  8.39916e-15  1.87503e-15
      1894.89  9.56642e-15  2.02218e-15
      1896.56  9.43842e-15  2.09587e-15
      1898.24  8.88919e-15  2.39035e-15
      1899.92  8.64036e-15  2.23786e-15
      1901.59  8.47361e-15  2.02746e-15
      1903.27  7.93135e-15  2.05277e-15
      1904.95  8.76532e-15  2.31095e-15
      1906.62  9.02589e-15  2.10072e-15
      1908.30  8.65909e-15  1.85233e-15
      1909.97  8.96755e-15  2.07274e-15
      1911.65  9.26100e-15  2.28597e-15
      1913.33  1.08567e-14  2.51476e-15
      1915.00  1.18197e-14  2.54138e-15
      1916.68  1.21852e-14  2.31797e-15
      1918.36  1.17316e-14  2.55525e-15
      1920.03  1.12159e-14  2.75771e-15
      1921.71  1.00072e-14  3.06204e-15
      1923.39  9.13931e-15  2.91123e-15
      1925.06  9.25969e-15  2.93942e-15
      1926.74  1.07711e-14  2.40673e-15
      1928.41  1.02265e-14  1.91835e-15
      1930.09  8.33843e-15  1.47954e-15
      1931.77  7.28023e-15  1.52275e-15
      1933.44  8.21804e-15  1.77064e-15
      1935.12  8.02974e-15  2.02387e-15
      1936.80  8.50496e-15  2.10044e-15
      1938.47  9.08445e-15  1.81592e-15
      1940.15  8.59378e-15  1.89745e-15
      1941.82  8.70371e-15  1.91552e-15
      1943.50  9.19700e-15  2.22442e-15
      1945.18  8.21565e-15  2.06839e-15
      1946.85  7.88868e-15  1.89320e-15
      1948.53  7.75284e-15  1.79938e-15
      1950.21  7.45286e-15  1.63497e-15
      1951.88  8.40918e-15  1.66604e-15
      1953.56  9.52615e-15  1.40098e-15
      1955.24  1.06009e-14  1.22778e-15
      1956.91  9.87772e-15  1.11964e-15
      1958.59  8.54915e-15  1.28277e-15
      1960.26  6.39412e-15  1.48582e-15
      1961.94  6.62575e-15  1.46389e-15
      1963.62  6.64741e-15  1.35355e-15
      1965.29  6.31564e-15  1.27771e-15
      1966.97  5.36445e-15  1.59385e-15
      1968.65  6.11885e-15  1.34435e-15
      1970.32  6.07390e-15  1.27730e-15
      1972.00  5.05032e-15  1.73086e-15
      1973.68  5.06403e-15  1.85951e-15
      1975.35  5.95232e-15  1.93005e-15
      1977.03  5.56429e-15  1.90213e-15
      1978.70  5.84892e-15  1.72757e-15
